num crossings	time (s)	maj axis (mm)	min axis (mm)	theta (rad )	slope (V/s)
276355	492843.368012	69.018544	10.903126	2.606441	75.086577
276357	492845.462026	68.104338	11.144591	2.608985	73.384383
276359	492847.562174	68.039506	11.153707	2.631347	80.610488
276361	492849.653778	69.032837	10.860523	2.632070	78.435835
276363	492851.734369	68.768668	10.910350	2.607653	72.384924
276365	492853.828615	67.521111	11.310756	2.616552	76.007635
276367	492855.930059	67.973352	11.101193	2.641100	80.268616
276369	492858.015359	68.787739	10.883430	2.627158	75.835227
276371	492860.097631	67.999966	11.200930	2.610250	73.722680
276373	492862.194873	67.226611	11.337153	2.625022	78.114015
276375	492864.295331	67.527105	11.170684	2.640413	77.327622
276377	492866.385091	68.010674	11.100494	2.636816	71.965934
276379	492868.469332	67.844718	11.180746	2.629745	70.835960
276381	492870.555397	67.541071	11.246353	2.626093	76.297742
276383	492872.645349	67.311054	11.255429	2.627755	71.901922
276385	492874.737190	67.237941	11.323446	2.630349	74.398072
276387	492876.828634	67.160235	11.346683	2.634746	71.314481
276389	492878.919901	67.110079	11.376297	2.637986	74.256203
276391	492881.012118	66.884901	11.383306	2.641781	71.034195
276393	492883.105716	66.481561	11.346367	2.642318	73.366684
276395	492885.202408	66.168737	11.306595	2.638073	73.070457
276397	492887.299815	66.506911	11.414381	2.631874	71.837661
276399	492889.389950	66.970733	11.553689	2.636077	72.266371
276401	492891.472729	67.017613	11.554838	2.647359	72.392284
276403	492893.559025	66.419477	11.438899	2.657734	69.361019
276405	492895.656212	65.499317	11.311549	2.649268	73.973982
276407	492897.755616	65.878070	11.437993	2.637175	72.326364
276409	492899.844815	66.613647	11.653164	2.644052	73.461030
276411	492901.927633	66.473878	11.669729	2.656812	72.428312
276413	492904.015637	65.835076	11.555977	2.662428	70.656694
276415	492906.112071	65.154673	11.491902	2.657025	70.998928
276417	492908.210371	65.293684	11.561565	2.649832	69.981783
276419	492910.303830	65.607966	11.643589	2.650371	71.774860
276421	492912.394909	65.690543	11.694329	2.655054	71.094807
276423	492914.484531	65.565912	11.696352	2.658932	71.940570
276425	492916.573317	65.363857	11.700617	2.660945	72.157783
276427	492918.664773	65.201550	11.722594	2.663673	70.614129
276429	492920.757082	65.042565	11.734436	2.665459	69.990139
276431	492922.850571	64.944670	11.773339	2.669047	69.923069
276433	492924.942927	64.886501	11.811096	2.672357	68.387840
276435	492927.034449	64.936737	11.777604	2.674192	70.743743
276437	492929.122421	65.107823	11.781892	2.672686	68.242376
276439	492931.206905	64.962481	11.804740	2.666210	67.794903
276441	492933.292635	64.668815	11.849564	2.659972	67.408375
276443	492935.386175	64.047018	11.931529	2.664089	67.402272
276445	492937.485598	63.912500	11.981259	2.676171	68.844182
276447	492939.582765	64.180596	11.924086	2.684788	68.122014
276449	492941.671695	64.466610	11.882167	2.682231	67.551280
276451	492943.755240	64.408800	11.930819	2.673650	68.488272
276453	492945.840425	64.113455	11.985606	2.667533	61.877603
276455	492947.932117	63.677588	12.027456	2.670452	66.772388
276457	492950.027605	63.478921	12.066846	2.676590	65.588151
276459	492952.123452	63.455016	12.083723	2.681617	68.812125
276461	492954.217667	63.439611	12.085715	2.684954	65.715137
276463	492956.310343	63.482577	12.123504	2.686286	65.865362
276465	492958.402516	63.425075	12.140897	2.686235	65.923906
276467	492960.493927	63.344367	12.163919	2.686235	65.842841
276469	492962.584297	63.309085	12.206328	2.686906	66.345153
276471	492964.673171	63.249063	12.225416	2.687798	63.130205
276473	492966.760855	63.226590	12.266669	2.690297	65.525999
276475	492968.847585	63.197592	12.327860	2.693734	66.017827
276477	492970.935367	63.009524	12.327634	2.698545	63.609856
276479	492973.027748	62.445872	12.297327	2.701467	64.611740
276481	492975.123970	62.056183	12.288376	2.697240	64.172374
276483	492977.221905	62.088554	12.333508	2.691838	62.150672
276485	492979.316081	62.466498	12.386102	2.689915	59.067296
276487	492981.405158	62.643241	12.453977	2.695906	62.280135
276489	492983.490737	62.602686	12.499944	2.702726	64.142584
276491	492985.576509	62.494170	12.483285	2.706604	62.728891
276493	492987.665596	62.186359	12.438120	2.709230	61.709520
276495	492989.758165	61.812643	12.474064	2.709946	63.246449
276497	492991.852514	61.614945	12.495995	2.708910	60.814550
276499	492993.946747	61.492829	12.523859	2.708018	60.350659
276501	492996.040070	61.473908	12.558632	2.708441	60.516397
276503	492998.133038	61.429350	12.563512	2.709947	60.318179
276505	493000.223734	61.423693	12.587509	2.711335	61.346388
276507	493002.314158	61.417246	12.590328	2.712788	62.070422
276509	493004.402791	61.267059	12.599423	2.715295	61.114130
276511	493006.490623	61.355675	12.607967	2.712960	60.149358
276513	493008.578765	61.309718	12.622739	2.710406	60.428919
276515	493010.668903	61.014747	12.653018	2.711682	60.122179
276517	493012.761634	60.709190	12.677872	2.712989	62.928327
276519	493014.857716	60.599042	12.801916	2.719466	59.140560
276521	493016.955030	60.541040	12.755596	2.726334	61.849497
276523	493019.050067	60.617576	12.721036	2.730639	59.493273
276525	493021.139539	60.726740	12.734666	2.729962	60.441982
276527	493023.227884	60.716883	12.786734	2.728070	60.962126
276529	493025.313804	60.521321	12.835347	2.725605	58.548822
276531	493027.400249	60.453583	12.851134	2.723398	57.235369
276533	493029.489589	60.269881	12.854166	2.723763	59.247559
276535	493031.580343	60.213354	12.894189	2.725247	58.764083
276537	493033.672790	60.075245	12.912177	2.727831	59.731763
276539	493035.764639	59.957368	12.925285	2.730722	58.854319
276541	493037.856875	59.962664	12.942024	2.732753	58.081646
276543	493039.947249	59.932118	12.977619	2.735079	57.983199
276545	493042.038129	59.830173	13.000848	2.737793	57.026641
276547	493044.128261	59.823749	13.044315	2.740959	58.454476
276549	493046.219004	59.612623	13.049247	2.743277	58.610492
276551	493048.311662	59.340070	13.055117	2.745798	58.972594
276553	493050.406373	59.013707	13.038658	2.745333	55.805089
276555	493052.501994	58.778283	13.068434	2.743452	55.181908
276557	493054.598211	58.773931	13.068210	2.741668	56.080742
276559	493056.691761	58.933638	13.117627	2.740493	54.776451
276561	493058.782853	59.033516	13.144868	2.743294	56.444201
276563	493060.871178	59.130985	13.194914	2.746212	58.132118
276565	493062.956404	59.052817	13.197740	2.749470	56.701630
276567	493065.045850	58.982738	13.203955	2.752446	56.175819
276569	493067.133347	58.833907	13.225321	2.755573	57.600922
276571	493069.222604	58.687314	13.243320	2.757369	56.114049
276573	493071.313630	58.527797	13.245229	2.758891	54.820336
276575	493073.405540	58.377112	13.257118	2.759075	54.239615
276577	493075.497185	58.252819	13.284894	2.759366	54.794424
276579	493077.588525	58.142227	13.293984	2.759995	53.864638
276581	493079.679784	58.057655	13.318699	2.760648	53.948393
276583	493081.769993	58.021108	13.318582	2.760554	53.597280
276585	493083.859905	57.949684	13.344673	2.760400	54.810157
276587	493085.951615	57.827795	13.344482	2.760930	52.631569
276589	493088.043039	57.727547	13.378555	2.761252	54.089425
276591	493090.136327	57.576249	13.394567	2.763274	54.669017
276593	493092.230911	57.305701	13.421174	2.767936	55.307008
276595	493094.326222	57.251004	13.437671	2.770538	54.929079
276597	493096.422647	57.144954	13.420821	2.775115	54.810284
276599	493098.515902	57.132946	13.437293	2.777873	53.225261
276601	493100.607949	57.177408	13.473822	2.778416	52.681483
276603	493102.697618	57.131956	13.477955	2.778526	52.666305
276605	493104.785683	57.032417	13.517193	2.777492	50.735543
276607	493106.872928	56.904204	13.522441	2.777258	50.077875
276609	493108.959911	56.870210	13.552504	2.776581	52.275288
276611	493111.048703	56.835176	13.565864	2.776551	51.227908
276613	493113.137516	56.663568	13.577930	2.777948	48.789962
276615	493115.227616	56.654386	13.603258	2.778485	49.246849
276617	493117.318744	56.481978	13.609493	2.782355	52.409636
276619	493119.409215	56.432175	13.624555	2.783146	51.423879
276621	493121.501332	56.252601	13.629969	2.786797	51.225457
276623	493123.592681	56.213595	13.648924	2.787675	51.585206
276625	493125.683928	56.093400	13.662242	2.789432	50.263880
276627	493127.776186	55.870166	13.639789	2.790717	49.291290
276629	493129.869632	55.626682	13.683818	2.792693	50.097182
276631	493131.963877	55.423268	13.704261	2.792444	47.090032
276633	493134.058525	55.287757	13.729051	2.791233	48.197066
276635	493136.153060	55.298131	13.733200	2.790525	48.469611
276637	493138.247301	55.366924	13.741523	2.790203	48.366371
276639	493140.339208	55.393860	13.759690	2.791811	48.776504
276641	493142.430070	55.428096	13.762616	2.793678	48.581013
276643	493144.518941	55.376211	13.766696	2.797746	49.518142
276645	493146.607593	55.332518	13.798712	2.799027	49.194297
276647	493148.695941	55.232146	13.805387	2.801698	49.040613
276649	493150.783981	55.161559	13.809556	2.803299	48.601116
