num crossings	time (s)	maj axis (mm)	min axis (mm)	theta (rad )	slope (V/s)
63159	66709.903136	66.856645	13.087305	-0.446995	68.917489
63161	66712.008388	67.329001	12.598834	-0.449254	68.655810
63163	66714.102394	68.132438	12.742002	-0.459344	69.200309
63165	66716.196186	62.355312	-12.733534	-0.449678	64.014550
63167	66718.285493	68.511061	12.527116	-0.460188	66.325571
63169	66720.371422	68.037749	12.873042	-0.454328	59.625740
63171	66722.462073	67.748983	12.848767	-0.456486	68.372787
63173	66724.548304	62.811888	-13.809086	-0.469258	58.843862
63175	66726.639957	60.286758	-18.282409	-0.478342	69.782650
63177	66728.729462	67.177286	12.557039	-0.459046	56.509393
63179	66730.821677	62.293540	-12.867548	-0.453944	65.328572
63181	66732.913123	67.631294	12.103805	-0.459824	63.438297
63183	66734.999465	66.969770	12.383694	-0.465922	66.717086
63185	66737.083845	67.261521	12.153477	-0.467194	67.139961
63187	66739.164166	67.555638	12.453714	-0.462749	64.981285
63189	66741.242814	67.172509	12.029132	-0.473234	67.431093
63191	66743.329893	66.601543	12.226859	-0.469951	64.916163
63193	66745.423698	67.130344	12.152265	-0.468630	62.841856
63195	66747.522416	67.458249	12.102134	-0.478885	65.838412
63197	66749.621639	66.711808	12.533415	-0.476369	57.708191
63199	66751.716259	67.390248	12.457185	-0.481871	64.073871
63201	66753.808046	61.994983	-12.464522	-0.473221	64.699010
63203	66755.897192	66.974957	11.901238	-0.482801	66.966094
63205	66757.983701	66.885283	12.067737	-0.482731	66.924697
63207	66760.070761	67.248506	12.004897	-0.484368	62.294049
63209	66762.158017	61.249701	-12.544560	-0.486117	65.632849
63211	66764.247348	66.788664	11.574376	-0.489840	62.166437
63213	66766.336914	61.564075	-12.166456	-0.481779	67.274758
63215	66768.427711	66.298238	11.961625	-0.491639	61.583663
63217	66770.521632	67.041486	11.510403	-0.493002	63.309130
63219	66772.612600	66.920555	11.746706	-0.496383	65.797472
63221	66774.704861	61.216383	-13.488550	-0.517914	65.503880
63223	66776.791904	53.706108	-15.536125	-0.519886	63.671708
63225	66778.878226	66.989586	12.151731	-0.504049	64.095556
63227	66780.959685	67.949236	11.922353	-0.497347	60.062094
63229	66783.041660	61.700884	-12.284549	-0.496433	59.752816
63231	66785.123042	66.734496	11.759851	-0.487292	65.632917
63233	66787.208810	66.488259	11.513679	-0.489840	63.855872
63235	66789.302122	62.679352	-12.139245	-0.509487	65.611507
63237	66791.398330	66.827886	-10.603252	-0.524181	68.986292
63239	66793.499058	67.081233	11.089838	-0.504959	63.933060
63241	66795.595113	66.536810	11.350723	-0.512014	65.613326
63243	66797.687634	66.531209	11.559046	-0.510400	63.217835
63245	66799.778494	66.804235	11.363771	-0.514272	59.623188
63247	66801.867245	66.830718	11.305729	-0.514420	61.249914
63249	66803.957856	66.705444	11.314433	-0.517082	67.067485
63251	66806.047095	66.435115	11.322827	-0.517350	64.830063
63253	66808.136439	65.649602	11.721140	-0.520719	64.088203
63255	66810.223176	65.639005	11.275245	-0.512469	62.138998
63257	66812.308774	66.904430	12.158732	-0.507319	66.577448
63259	66814.393500	66.593102	10.889814	-0.515265	63.327081
63261	66816.475523	67.041704	10.903652	-0.521864	64.843532
63263	66818.556948	66.096725	11.646789	-0.530122	63.444490
63265	66820.643461	65.999358	11.051694	-0.531732	65.064908
63267	66822.734515	66.631894	10.904986	-0.522892	67.117584
63269	66824.832351	66.687106	11.008266	-0.525293	63.333812
63271	66826.928909	66.024007	11.071960	-0.527257	64.165473
63273	66829.024109	66.428999	11.337524	-0.531216	64.467225
63275	66831.117709	63.981962	-11.591262	-0.543315	62.086081
63277	66833.208932	58.639171	-16.178640	-0.545855	64.831266
63279	66835.300237	66.625967	10.951014	-0.538082	69.695664
63281	66837.390225	66.000269	11.004299	-0.536614	68.716438
63283	66839.480578	66.580232	10.866225	-0.547384	60.578835
63285	66841.570875	66.341884	10.498902	-0.544485	67.370083
63287	66843.660164	60.768443	-10.842580	-0.539666	65.382295
63289	66845.749446	66.506603	10.543894	-0.543846	64.130718
63291	66847.838266	66.166142	10.863687	-0.553297	60.340807
63293	66849.927276	67.285632	10.731862	-0.552288	63.550618
63295	66852.013762	67.167054	10.843316	-0.550177	60.237887
63297	66854.098413	67.430650	11.071402	-0.551247	65.133142
63299	66856.181569	62.506519	-11.719199	-0.577187	64.154893
63301	66858.263974	61.833809	-11.235037	-0.565006	62.592069
63303	66860.347490	62.906384	-19.728890	-0.536422	62.894779
63305	66862.434690	65.586699	10.543375	-0.546512	63.424088
63307	66864.525059	60.101136	-11.000062	-0.560810	68.122114
63309	66866.621537	63.417060	-9.540892	-0.574670	65.132466
63311	66868.718327	65.241374	10.013262	-0.558036	64.010698
63313	66870.815759	65.172187	10.362911	-0.557147	65.241305
63315	66872.908208	66.022504	10.130336	-0.553973	65.319699
63317	66874.999898	66.227050	10.008697	-0.556788	65.451931
63319	66877.090750	65.992026	10.146893	-0.564753	63.177066
63321	66879.180408	66.608743	10.489784	-0.560263	63.476370
63323	66881.269640	60.545768	-10.376649	-0.557751	63.211650
63325	66883.357160	61.008304	-10.518471	-0.561986	66.203356
63327	66885.444252	66.459991	10.096609	-0.559244	60.834687
63329	66887.530091	63.103746	-10.693858	-0.580769	65.751694
63331	66889.614493	59.469607	-7.774123	-0.625678	63.612832
63333	66891.697328	65.359569	10.348434	-0.572626	63.463646
63335	66893.780202	64.861871	10.067215	-0.584112	62.738562
63337	66895.869308	65.495153	10.369713	-0.576690	62.451751
63339	66897.961954	65.900005	10.205910	-0.574014	62.878219
63341	66900.057098	66.188281	10.470134	-0.578282	61.769727
63343	66902.151451	66.068060	10.291885	-0.580760	61.541257
63345	66904.247859	67.062380	10.266688	-0.587963	62.854190
63347	66906.340388	66.396851	10.374177	-0.580797	59.445221
63349	66908.434619	65.783501	9.968396	-0.587120	64.047298
63351	66910.524517	67.338121	10.698580	-0.591298	63.186829
63353	66912.614973	65.683766	9.664130	-0.592601	61.147538
63355	66914.703189	66.777531	10.261603	-0.596726	61.341450
63357	66916.791803	66.434057	10.302881	-0.590168	61.453418
63359	66918.880058	63.537164	-10.645301	-0.608964	63.808529
63361	66920.967811	56.569350	-17.492161	-0.598548	64.197102
63363	66923.053905	66.871832	10.038274	-0.587282	63.935049
63365	66925.139320	66.700324	10.255424	-0.594970	61.822873
63367	66927.224233	66.219351	10.408901	-0.592006	61.923945
63369	66929.307978	65.778294	9.949977	-0.581869	62.728328
63371	66931.392953	62.780432	-10.004483	-0.605378	64.359539
63373	66933.482140	62.311925	-16.480335	-0.599044	63.485235
63375	66935.573824	62.816693	-9.933997	-0.603986	63.647921
63377	66937.668231	55.871972	-14.300062	-0.611981	60.854366
63379	66939.763077	65.272808	9.873009	-0.595712	62.692671
63381	66941.857941	65.747201	9.255481	-0.600494	63.457463
63383	66943.951722	61.159460	-9.589367	-0.603642	63.564316
63385	66946.044856	65.999325	9.349755	-0.603314	61.884420
63387	66948.134568	65.534236	9.318610	-0.599409	66.256344
63389	66950.225495	65.235041	9.425566	-0.607044	61.633271
63391	66952.313400	65.601092	9.346162	-0.600685	63.887328
63393	66954.400739	65.771593	9.196942	-0.602345	61.502890
63395	66956.485189	61.139556	-9.445655	-0.606956	60.080480
63397	66958.571121	66.212523	8.970127	-0.607528	63.131584
63399	66960.655351	58.505834	-9.234771	-0.602758	63.408939
63401	66962.738040	64.925306	9.911298	-0.632006	62.734201
63403	66964.825044	61.210345	-9.306903	-0.621275	62.515519
63405	66966.915406	65.078908	9.128157	-0.626305	65.659283
63407	66969.007884	61.398858	-9.313135	-0.622932	66.913507
63409	66971.101357	65.125329	9.451668	-0.615601	64.814300
63411	66973.195578	66.649278	9.549150	-0.618918	61.717358
63413	66975.289731	66.226118	9.573918	-0.625079	67.316099
63415	66977.383275	65.643217	9.253107	-0.623934	62.139276
63417	66979.473909	66.151965	9.633034	-0.627942	63.724034
63419	66981.565105	66.250818	9.146144	-0.630973	62.363675
63421	66983.654793	66.371302	9.508509	-0.627359	65.229115
63423	66985.742621	66.031398	9.665967	-0.628437	60.767732
63425	66987.831721	65.270397	9.085727	-0.634422	65.220656
63427	66989.920172	66.165428	9.570188	-0.634487	61.688969
63429	66992.003514	60.982326	-9.737114	-0.654361	65.240488
63431	66994.091559	62.017334	-9.231957	-0.655913	62.978432
63433	66996.176653	55.327082	-18.544781	-0.630087	60.057678
63435	66998.261556	65.715912	9.095805	-0.629426	61.342538
63437	67000.350780	64.825903	8.822166	-0.633878	62.802684
63439	67002.440013	64.603834	8.696285	-0.633722	60.684780
63441	67004.532176	64.618583	8.877828	-0.641824	63.414625
63443	67006.625388	65.291240	8.800229	-0.637921	60.913190
63445	67008.720724	65.231119	8.649795	-0.634651	59.918234
63447	67010.813210	64.884362	8.996805	-0.640455	61.178036
63449	67012.906872	65.681691	8.630205	-0.641668	58.723527
63451	67014.998035	65.282065	8.703886	-0.648050	60.695697
63453	67017.088644	65.342715	8.924632	-0.640382	61.386775
63455	67019.177636	65.498939	8.883156	-0.639683	63.562951
