crossing time (s)	slope (V/s)	crossing number
281474976710655.000000	10.396689	12176	66987061248.000000
281474976710655.000000	7.950656	12177	66988089344.000000
281474976710655.000000	20.307573	12178	66989162496.000000
281474976710655.000000	17.561806	12179	66990182400.000000
281474976710655.000000	15.480563	12180	66991235072.000000
281474976710655.000000	8.641050	12181	66992263168.000000
281474976710655.000000	16.743547	12182	66993332224.000000
281474976710655.000000	17.110933	12183	66994372608.000000
281474976710655.000000	12.410032	12184	66995396608.000000
281474976710655.000000	14.862695	12185	66996477952.000000
281474976710655.000000	16.340372	12186	66997485568.000000
281474976710655.000000	12.807880	12187	66998562816.000000
281474976710655.000000	15.950356	12188	66999558144.000000
281474976710655.000000	15.095167	12189	67000659968.000000
281474976710655.000000	12.764665	12190	67001655296.000000
281474976710655.000000	14.295692	12191	67002740736.000000
281474976710655.000000	14.276165	12192	67003740160.000000
281474976710655.000000	15.045289	12193	67004829696.000000
281474976710655.000000	12.367789	12194	67005841408.000000
281474976710655.000000	16.803734	12195	67006898176.000000
281474976710655.000000	13.770542	12196	67007938560.000000
281474976710655.000000	14.727457	12197	67008983040.000000
281474976710655.000000	17.082687	12198	67010035712.000000
281474976710655.000000	15.817630	12199	67011063808.000000
281474976710655.000000	14.975546	12200	67012128768.000000
281474976710655.000000	14.337290	12201	67013152768.000000
281474976710655.000000	16.793232	12202	67014217728.000000
281474976710655.000000	15.604995	12203	67015237632.000000
281474976710655.000000	15.159801	12204	67016302592.000000
281474976710655.000000	14.629945	12205	67017330688.000000
281474976710655.000000	16.296812	12206	67018391552.000000
281474976710655.000000	15.716430	12207	67019419648.000000
281474976710655.000000	16.480152	12208	67020476416.000000
281474976710655.000000	13.747624	12209	67021504512.000000
281474976710655.000000	17.257608	12210	67022569472.000000
281474976710655.000000	16.053368	12211	67023593472.000000
281474976710655.000000	16.659113	12212	67024654336.000000
281474976710655.000000	16.303835	12213	67025678336.000000
281474976710655.000000	15.610822	12214	67026743296.000000
281474976710655.000000	15.102056	12215	67027771392.000000
281474976710655.000000	17.548019	12216	67028832256.000000
281474976710655.000000	18.008266	12217	67029856256.000000
281474976710655.000000	17.400093	12218	67030917120.000000
281474976710655.000000	17.114895	12219	67031949312.000000
281474976710655.000000	16.520037	12220	67033001984.000000
281474976710655.000000	17.462196	12221	67034042368.000000
281474976710655.000000	16.322222	12222	67035082752.000000
281474976710655.000000	17.220837	12223	67036135424.000000
281474976710655.000000	15.592590	12224	67037167616.000000
281474976710655.000000	17.098499	12225	67038228480.000000
281474976710655.000000	15.706059	12226	67039244288.000000
281474976710655.000000	17.036753	12227	67040325632.000000
281474976710655.000000	16.114460	12228	67041329152.000000
281474976710655.000000	18.366426	12229	67042414592.000000
281474976710655.000000	18.285427	12230	67043414016.000000
281474976710655.000000	17.198866	12231	67044503552.000000
281474976710655.000000	17.352289	12232	67045507072.000000
281474976710655.000000	16.551502	12233	67046584320.000000
281474976710655.000000	17.819456	12234	67047600128.000000
281474976710655.000000	17.297838	12235	67048665088.000000
281474976710655.000000	17.370758	12236	67049693184.000000
281474976710655.000000	16.893406	12237	67050749952.000000
281474976710655.000000	19.229713	12238	67051786240.000000
281474976710655.000000	16.444304	12239	67052830720.000000
281474976710655.000000	19.342871	12240	67053879296.000000
281474976710655.000000	19.068674	12241	67054915584.000000
281474976710655.000000	16.530563	12242	67055972352.000000
281474976710655.000000	15.673102	12243	67057000448.000000
281474976710655.000000	19.385878	12244	67058061312.000000
281474976710655.000000	18.565681	12245	67059085312.000000
281474976710655.000000	17.906174	12246	67060146176.000000
281474976710655.000000	17.407257	12247	67061174272.000000
281474976710655.000000	18.829952	12248	67062235136.000000
281474976710655.000000	18.050591	12249	67063263232.000000
281474976710655.000000	19.959238	12250	67064324096.000000
281474976710655.000000	17.704967	12251	67065348096.000000
281474976710655.000000	18.572021	12252	67066413056.000000
281474976710655.000000	18.240753	12253	67067441152.000000
281474976710655.000000	19.278030	12254	67068497920.000000
281474976710655.000000	18.392519	12255	67069526016.000000
281474976710655.000000	19.780548	12256	67070582784.000000
281474976710655.000000	18.117403	12257	67071619072.000000
281474976710655.000000	19.836792	12258	67072671744.000000
281474976710655.000000	16.942253	12259	67073708032.000000
281474976710655.000000	20.100998	12260	67074752512.000000
281474976710655.000000	17.032408	12261	67075796992.000000
281474976710655.000000	20.657705	12262	67076833280.000000
281474976710655.000000	19.011480	12263	67077890048.000000
281474976710655.000000	18.840124	12264	67078914048.000000
281474976710655.000000	19.530750	12265	67079987200.000000
281474976710655.000000	21.687004	12266	67080998912.000000
281474976710655.000000	19.887457	12267	67082080256.000000
281474976710655.000000	19.359118	12268	67083079680.000000
281474976710655.000000	20.172604	12269	67084169216.000000
281474976710655.000000	19.929090	12270	67085168640.000000
281474976710655.000000	19.359499	12271	67086254080.000000
281474976710655.000000	19.256939	12272	67087257600.000000
281474976710655.000000	20.099564	12273	67088338944.000000
281474976710655.000000	18.376659	12274	67089350656.000000
281474976710655.000000	20.941525	12275	67090419712.000000
281474976710655.000000	17.751724	12276	67091443712.000000
281474976710655.000000	20.965521	12277	67092500480.000000
281474976710655.000000	20.544313	12278	67093536768.000000
281474976710655.000000	20.480383	12279	67094585344.000000
281474976710655.000000	21.204849	12280	67095629824.000000
281474976710655.000000	20.314369	12281	67096666112.000000
281474976710655.000000	20.381706	12282	67097722880.000000
281474976710655.000000	18.474379	12283	67098750976.000000
281474976710655.000000	20.179535	12284	67099811840.000000
281474976710655.000000	19.645527	12285	67100839936.000000
281474976710655.000000	20.642223	12286	67101896704.000000
281474976710655.000000	21.637659	12287	67102928896.000000
281474976710655.000000	20.889006	12288	67103985664.000000
281474976710655.000000	19.653412	12289	67105013760.000000
281474976710655.000000	21.240154	12290	67106070528.000000
281474976710655.000000	20.081594	12291	67107102720.000000
281474976710655.000000	21.014250	12292	67108159488.000000
281474976710655.000000	20.347542	12293	67109187584.000000
281474976710655.000000	21.023617	12294	67110248448.000000
281474976710655.000000	20.959030	12295	67111276544.000000
281474976710655.000000	20.677954	12296	67112333312.000000
281474976710655.000000	21.428761	12297	67113369600.000000
281474976710655.000000	18.162199	12298	67114418176.000000
281474976710655.000000	22.053419	12299	67115458560.000000
281474976710655.000000	21.097607	12300	67116498944.000000
281474976710655.000000	20.172903	12301	67117547520.000000
281474976710655.000000	21.924902	12302	67118583808.000000
281474976710655.000000	20.678190	12303	67119640576.000000
281474976710655.000000	20.150963	12304	67120664576.000000
281474976710655.000000	21.807194	12305	67121733632.000000
281474976710655.000000	20.754894	12306	67122745344.000000
281474976710655.000000	22.320002	12307	67123822592.000000
281474976710655.000000	20.461834	12308	67124830208.000000
281474976710655.000000	21.116375	12309	67125915648.000000
281474976710655.000000	21.238047	12310	67126915072.000000
281474976710655.000000	21.739468	12311	67128000512.000000
281474976710655.000000	21.431099	12312	67129004032.000000
281474976710655.000000	22.114447	12313	67130089472.000000
281474976710655.000000	21.122013	12314	67131092992.000000
281474976710655.000000	22.188377	12315	67132170240.000000
281474976710655.000000	22.488634	12316	67133186048.000000
281474976710655.000000	21.467386	12317	67134255104.000000
281474976710655.000000	22.229933	12318	67135275008.000000
281474976710655.000000	21.380018	12319	67136335872.000000
281474976710655.000000	21.802528	12320	67137368064.000000
281474976710655.000000	21.579134	12321	67138420736.000000
281474976710655.000000	23.065990	12322	67139457024.000000
281474976710655.000000	21.409546	12323	67140505600.000000
281474976710655.000000	21.243900	12324	67141545984.000000
281474976710655.000000	21.281586	12325	67142590464.000000
281474976710655.000000	23.266550	12326	67143634944.000000
281474976710655.000000	21.746546	12327	67144675328.000000
281474976710655.000000	20.795248	12328	67145723904.000000
281474976710655.000000	22.224939	12329	67146764288.000000
281474976710655.000000	21.521967	12330	67147812864.000000
281474976710655.000000	21.747421	12331	67148849152.000000
281474976710655.000000	23.273514	12332	67149897728.000000
281474976710655.000000	21.852402	12333	67150938112.000000
281474976710655.000000	22.248726	12334	67151982592.000000
281474976710655.000000	20.834028	12335	67153027072.000000
281474976710655.000000	23.550945	12336	67154071552.000000
281474976710655.000000	20.317978	12337	67155116032.000000
281474976710655.000000	23.187651	12338	67156156416.000000
281474976710655.000000	21.194221	12339	67157209088.000000
281474976710655.000000	22.020275	12340	67158237184.000000
281474976710655.000000	23.214140	12341	67159298048.000000
281474976710655.000000	23.241512	12342	67160322048.000000
281474976710655.000000	22.809177	12343	67161391104.000000
281474976710655.000000	23.205591	12344	67162402816.000000
281474976710655.000000	23.976307	12345	67163480064.000000
281474976710655.000000	24.846876	12346	67164487680.000000
281474976710655.000000	23.438805	12347	67165573120.000000
281474976710655.000000	21.085438	12348	67166572544.000000
281474976710655.000000	21.448349	12349	67167657984.000000
281474976710655.000000	21.599968	12350	67168661504.000000
281474976710655.000000	21.503967	12351	67169742848.000000
281474976710655.000000	22.055662	12352	67170750464.000000
281474976710655.000000	25.052641	12353	67171827712.000000
281474976710655.000000	22.318935	12354	67172843520.000000
281474976710655.000000	21.596708	12355	67173912576.000000
281474976710655.000000	20.797388	12356	67174932480.000000
281474976710655.000000	25.041088	12357	67175993344.000000
281474976710655.000000	23.767752	12358	67177025536.000000
281474976710655.000000	23.455881	12359	67178078208.000000
281474976710655.000000	23.967197	12360	67179114496.000000
281474976710655.000000	23.676279	12361	67180163072.000000
281474976710655.000000	23.936987	12362	67181203456.000000
281474976710655.000000	22.610813	12363	67182247936.000000
281474976710655.000000	22.326279	12364	67183292416.000000
281474976710655.000000	23.046686	12365	67184332800.000000
281474976710655.000000	20.062807	12366	67185381376.000000
281474976710655.000000	25.446371	12367	67186417664.000000
281474976710655.000000	26.590612	12368	67187470336.000000
281474976710655.000000	23.484011	12369	67188506624.000000
281474976710655.000000	22.171204	12370	67189555200.000000
281474976710655.000000	27.080395	12371	67190591488.000000
281474976710655.000000	23.753424	12372	67191644160.000000
281474976710655.000000	23.569307	12373	67192680448.000000
281474976710655.000000	21.680044	12374	67193729024.000000
281474976710655.000000	24.458761	12375	67194769408.000000
281474976710655.000000	24.955969	12376	67195813888.000000
281474976710655.000000	24.617044	12377	67196858368.000000
281474976710655.000000	22.871801	12378	67197898752.000000
281474976710655.000000	25.830948	12379	67198947328.000000
281474976710655.000000	23.801750	12380	67199983616.000000
281474976710655.000000	19.784454	12381	67201036288.000000
281474976710655.000000	20.857679	12382	67202064384.000000
281474976710655.000000	24.483101	12383	67203125248.000000
281474976710655.000000	23.747753	12384	67204149248.000000
281474976710655.000000	24.118069	12385	67205218304.000000
281474976710655.000000	23.042475	12386	67206234112.000000
281474976710655.000000	26.657061	12387	67207307264.000000
281474976710655.000000	24.024374	12388	67208318976.000000
281474976710655.000000	20.979155	12389	67209396224.000000
281474976710655.000000	21.634686	12390	67210403840.000000
281474976710655.000000	24.924019	12391	67211485184.000000
281474976710655.000000	22.946430	12392	67212488704.000000
281474976710655.000000	24.954670	12393	67213570048.000000
281474976710655.000000	22.317028	12394	67214577664.000000
281474976710655.000000	25.052868	12395	67215654912.000000
281474976710655.000000	27.321552	12396	67216666624.000000
281474976710655.000000	25.295345	12397	67217739776.000000
281474976710655.000000	25.901192	12398	67218755584.000000
281474976710655.000000	22.217491	12399	67219824640.000000
281474976710655.000000	25.066025	12400	67220848640.000000
281474976710655.000000	24.605000	12401	67221909504.000000
281474976710655.000000	22.222832	12402	67222937600.000000
281474976710655.000000	26.681128	12403	67223994368.000000
281474976710655.000000	24.860123	12404	67225026560.000000
281474976710655.000000	20.816763	12405	67226079232.000000
281474976710655.000000	29.306067	12406	67227115520.000000
281474976710655.000000	22.571693	12407	67228164096.000000
281474976710655.000000	26.269068	12408	67229200384.000000
281474976710655.000000	25.226692	12409	67230253056.000000
281474976710655.000000	23.667355	12410	67231289344.000000
281474976710655.000000	23.244905	12411	67232337920.000000
281474976710655.000000	26.282913	12412	67233374208.000000
281474976710655.000000	24.165747	12413	67234426880.000000
281474976710655.000000	26.320364	12414	67235459072.000000
281474976710655.000000	26.553082	12415	67236515840.000000
281474976710655.000000	25.965265	12416	67237548032.000000
281474976710655.000000	26.051010	12417	67238604800.000000
281474976710655.000000	23.807634	12418	67239628800.000000
281474976710655.000000	24.506672	12419	67240693760.000000
281474976710655.000000	27.527124	12420	67241713664.000000
281474976710655.000000	26.307650	12421	67242782720.000000
281474976710655.000000	24.624863	12422	67243798528.000000
281474976710655.000000	24.902229	12423	67244871680.000000
281474976710655.000000	24.798063	12424	67245883392.000000
281474976710655.000000	27.841650	12425	67246960640.000000
281474976710655.000000	22.876717	12426	67247968256.000000
281474976710655.000000	25.774490	12427	67249049600.000000
281474976710655.000000	26.184660	12428	67250053120.000000
281474976710655.000000	24.558567	12429	67251138560.000000
281474976710655.000000	24.049170	12430	67252142080.000000
281474976710655.000000	25.785461	12431	67253223424.000000
281474976710655.000000	21.765865	12432	67254231040.000000
281474976710655.000000	25.504803	12433	67255308288.000000
281474976710655.000000	26.321962	12434	67256320000.000000
281474976710655.000000	28.980196	12435	67257389056.000000
281474976710655.000000	22.949587	12436	67258413056.000000
281474976710655.000000	25.563307	12437	67259473920.000000
281474976710655.000000	22.842085	12438	67260502016.000000
281474976710655.000000	26.996490	12439	67261558784.000000
281474976710655.000000	26.812033	12440	67262590976.000000
281474976710655.000000	23.850685	12441	67263643648.000000
281474976710655.000000	26.577482	12442	67264679936.000000
281474976710655.000000	26.194422	12443	67265728512.000000
281474976710655.000000	25.542286	12444	67266768896.000000
281474976710655.000000	23.211269	12445	67267813376.000000
281474976710655.000000	27.765608	12446	67268857856.000000
281474976710655.000000	25.767693	12447	67269898240.000000
281474976710655.000000	26.868986	12448	67270942720.000000
281474976710655.000000	26.391102	12449	67271987200.000000
281474976710655.000000	31.306076	12450	67273027584.000000
281474976710655.000000	27.292109	12451	67274072064.000000
281474976710655.000000	29.374029	12452	67275116544.000000
281474976710655.000000	25.679031	12453	67276161024.000000
281474976710655.000000	27.008076	12454	67277205504.000000
281474976710655.000000	25.008307	12455	67278249984.000000
281474976710655.000000	27.869524	12456	67279290368.000000
281474976710655.000000	25.469501	12457	67280338944.000000
281474976710655.000000	26.425783	12458	67281375232.000000
281474976710655.000000	28.965130	12459	67282427904.000000
281474976710655.000000	27.979933	12460	67283460096.000000
281474976710655.000000	25.959145	12461	67284516864.000000
281474976710655.000000	22.898195	12462	67285540864.000000
281474976710655.000000	26.200960	12463	67286605824.000000
281474976710655.000000	25.535091	12464	67287625728.000000
281474976710655.000000	23.967976	12465	67288694784.000000
281474976710655.000000	22.418373	12466	67289710592.000000
281474976710655.000000	27.806698	12467	67290783744.000000
281474976710655.000000	26.801245	12468	67291795456.000000
281474976710655.000000	26.719940	12469	67292872704.000000
