crossing time (s)	slope (V/s)	crossing number
281474976710655.000000	21.327948	11155	65884913664.000000
281474976710655.000000	17.172567	11156	65885999104.000000
281474976710655.000000	18.844582	11157	65886994432.000000
281474976710655.000000	17.444901	11158	65888096256.000000
281474976710655.000000	16.649220	11159	65889067008.000000
281474976710655.000000	24.260788	11160	65890185216.000000
281474976710655.000000	19.063238	11161	65891172352.000000
281474976710655.000000	16.644459	11162	65892249600.000000
281474976710655.000000	16.809875	11163	65893269504.000000
281474976710655.000000	21.336779	11164	65894330368.000000
281474976710655.000000	21.625929	11165	65895358464.000000
281474976710655.000000	12.666296	11166	65896415232.000000
281474976710655.000000	11.945845	11167	65897455616.000000
281474976710655.000000	24.333799	11168	65898516480.000000
281474976710655.000000	21.117476	11169	65899511808.000000
281474976710655.000000	27.049051	11170	65900621824.000000
281474976710655.000000	19.338423	11171	65901608960.000000
281474976710655.000000	18.482803	11172	65902686208.000000
281474976710655.000000	19.932867	11173	65903693824.000000
281474976710655.000000	26.780869	11174	65904775168.000000
281474976710655.000000	23.580132	11175	65905795072.000000
281474976710655.000000	18.309296	11176	65906843648.000000
281474976710655.000000	14.931240	11177	65907896320.000000
281474976710655.000000	27.193666	11178	65908944896.000000
281474976710655.000000	22.182615	11179	65909960704.000000
281474976710655.000000	20.927843	11180	65911046144.000000
281474976710655.000000	19.409235	11181	65912049664.000000
281474976710655.000000	22.335011	11182	65913131008.000000
281474976710655.000000	22.074980	11183	65914122240.000000
281474976710655.000000	20.754353	11184	65915228160.000000
281474976710655.000000	19.332960	11185	65916211200.000000
281474976710655.000000	18.958168	11186	65917308928.000000
281474976710655.000000	19.697611	11187	65918300160.000000
281474976710655.000000	20.400259	11188	65919385600.000000
281474976710655.000000	24.022343	11189	65920385024.000000
281474976710655.000000	22.260366	11190	65921482752.000000
281474976710655.000000	24.242561	11191	65922478080.000000
281474976710655.000000	18.441143	11192	65923567616.000000
281474976710655.000000	22.175606	11193	65924562944.000000
281474976710655.000000	18.673126	11194	65925656576.000000
281474976710655.000000	19.174589	11195	65926647808.000000
281474976710655.000000	22.445797	11196	65927741440.000000
281474976710655.000000	25.812067	11197	65928732672.000000
281474976710655.000000	20.806839	11198	65929830400.000000
281474976710655.000000	18.931931	11199	65930817536.000000
281474976710655.000000	29.386719	11200	65931915264.000000
281474976710655.000000	23.481539	11201	65932914688.000000
281474976710655.000000	22.010040	11202	65933987840.000000
281474976710655.000000	23.746054	11203	65935020032.000000
281474976710655.000000	21.890810	11204	65936060416.000000
281474976710655.000000	22.861813	11205	65937108992.000000
281474976710655.000000	19.795422	11206	65938153472.000000
281474976710655.000000	25.070662	11207	65939193856.000000
281474976710655.000000	20.892832	11208	65940246528.000000
281474976710655.000000	21.733309	11209	65941258240.000000
281474976710655.000000	20.890074	11210	65942347776.000000
281474976710655.000000	25.437494	11211	65943339008.000000
281474976710655.000000	22.081573	11212	65944436736.000000
281474976710655.000000	21.122761	11213	65945432064.000000
281474976710655.000000	24.263515	11214	65946509312.000000
281474976710655.000000	22.517611	11215	65947533312.000000
281474976710655.000000	23.822527	11216	65948585984.000000
281474976710655.000000	22.966213	11217	65949630464.000000
281474976710655.000000	23.283808	11218	65950674944.000000
281474976710655.000000	25.302355	11219	65951715328.000000
281474976710655.000000	21.474899	11220	65952763904.000000
281474976710655.000000	24.960125	11221	65953787904.000000
281474976710655.000000	21.877651	11222	65954861056.000000
281474976710655.000000	28.748102	11223	65955868672.000000
281474976710655.000000	22.547470	11224	65956954112.000000
281474976710655.000000	21.253525	11225	65957953536.000000
281474976710655.000000	25.945362	11226	65959043072.000000
281474976710655.000000	26.576061	11227	65960038400.000000
281474976710655.000000	23.586384	11228	65961132032.000000
281474976710655.000000	23.623728	11229	65962123264.000000
281474976710655.000000	25.338654	11230	65963220992.000000
281474976710655.000000	29.990156	11231	65964212224.000000
281474976710655.000000	25.197952	11232	65965305856.000000
281474976710655.000000	20.812843	11233	65966297088.000000
281474976710655.000000	28.381502	11234	65967394816.000000
281474976710655.000000	24.311735	11235	65968386048.000000
281474976710655.000000	24.725826	11236	65969479680.000000
281474976710655.000000	28.487118	11237	65970475008.000000
281474976710655.000000	22.123894	11238	65971564544.000000
281474976710655.000000	23.984461	11239	65972559872.000000
281474976710655.000000	22.568594	11240	65973649408.000000
281474976710655.000000	24.581875	11241	65974652928.000000
281474976710655.000000	25.934219	11242	65975730176.000000
281474976710655.000000	27.826906	11243	65976750080.000000
281474976710655.000000	27.223528	11244	65977802752.000000
281474976710655.000000	23.423391	11245	65978843136.000000
281474976710655.000000	23.927462	11246	65979891712.000000
281474976710655.000000	22.698326	11247	65980932096.000000
281474976710655.000000	23.919924	11248	65981976576.000000
281474976710655.000000	25.337170	11249	65983012864.000000
281474976710655.000000	30.979221	11250	65984073728.000000
281474976710655.000000	26.309307	11251	65985085440.000000
281474976710655.000000	25.328817	11252	65986166784.000000
281474976710655.000000	28.387926	11253	65987166208.000000
281474976710655.000000	28.104115	11254	65988259840.000000
281474976710655.000000	24.064430	11255	65989259264.000000
281474976710655.000000	26.289413	11256	65990336512.000000
281474976710655.000000	27.938831	11257	65991352320.000000
281474976710655.000000	24.154015	11258	65992413184.000000
281474976710655.000000	28.864813	11259	65993445376.000000
281474976710655.000000	24.161299	11260	65994493952.000000
281474976710655.000000	24.753887	11261	65995538432.000000
281474976710655.000000	26.808283	11262	65996582912.000000
281474976710655.000000	23.248135	11263	65997623296.000000
281474976710655.000000	25.654240	11264	65998671872.000000
281474976710655.000000	26.479740	11265	65999708160.000000
281474976710655.000000	26.979153	11266	66000760832.000000
281474976710655.000000	24.221071	11267	66001788928.000000
281474976710655.000000	23.758219	11268	66002853888.000000
281474976710655.000000	24.995743	11269	66003865600.000000
281474976710655.000000	24.552326	11270	66004946944.000000
281474976710655.000000	29.332396	11271	66005954560.000000
281474976710655.000000	31.182713	11272	66007031808.000000
281474976710655.000000	26.936428	11273	66008043520.000000
281474976710655.000000	31.614059	11274	66009116672.000000
281474976710655.000000	27.556362	11275	66010132480.000000
281474976710655.000000	30.537046	11276	66011201536.000000
281474976710655.000000	25.097513	11277	66012221440.000000
281474976710655.000000	27.453257	11278	66013286400.000000
281474976710655.000000	30.087410	11279	66014310400.000000
281474976710655.000000	30.312607	11280	66015367168.000000
281474976710655.000000	25.095133	11281	66016403456.000000
281474976710655.000000	32.213715	11282	66017452032.000000
281474976710655.000000	24.840862	11283	66018492416.000000
281474976710655.000000	28.634611	11284	66019536896.000000
281474976710655.000000	24.151072	11285	66020581376.000000
281474976710655.000000	30.399940	11286	66021621760.000000
281474976710655.000000	28.281523	11287	66022662144.000000
281474976710655.000000	26.207504	11288	66023714816.000000
281474976710655.000000	29.640793	11289	66024738816.000000
281474976710655.000000	28.626301	11290	66025811968.000000
281474976710655.000000	30.749014	11291	66026815488.000000
281474976710655.000000	27.518953	11292	66027905024.000000
281474976710655.000000	26.745123	11293	66028904448.000000
281474976710655.000000	31.126242	11294	66029993984.000000
281474976710655.000000	32.948803	11295	66030993408.000000
281474976710655.000000	25.022743	11296	66032074752.000000
281474976710655.000000	24.795122	11297	66033086464.000000
281474976710655.000000	27.022760	11298	66034147328.000000
281474976710655.000000	26.022064	11299	66035183616.000000
281474976710655.000000	28.094221	11300	66036228096.000000
281474976710655.000000	27.589474	11301	66037272576.000000
281474976710655.000000	29.767200	11302	66038317056.000000
281474976710655.000000	26.251278	11303	66039361536.000000
281474976710655.000000	29.398041	11304	66040401920.000000
281474976710655.000000	28.998775	11305	66041446400.000000
281474976710655.000000	26.691978	11306	66042494976.000000
281474976710655.000000	26.576027	11307	66043527168.000000
281474976710655.000000	33.997345	11308	66044583936.000000
281474976710655.000000	28.177670	11309	66045612032.000000
281474976710655.000000	29.232138	11310	66046672896.000000
281474976710655.000000	29.355217	11311	66047692800.000000
281474976710655.000000	28.781710	11312	66048761856.000000
281474976710655.000000	29.708967	11313	66049781760.000000
281474976710655.000000	28.294804	11314	66050850816.000000
281474976710655.000000	33.460655	11315	66051866624.000000
281474976710655.000000	29.142433	11316	66052935680.000000
281474976710655.000000	32.518028	11317	66053955584.000000
281474976710655.000000	27.363441	11318	66055020544.000000
281474976710655.000000	29.205873	11319	66056044544.000000
281474976710655.000000	32.043076	11320	66057105408.000000
281474976710655.000000	32.473553	11321	66058133504.000000
281474976710655.000000	33.129299	11322	66059186176.000000
281474976710655.000000	33.992676	11323	66060222464.000000
281474976710655.000000	30.403973	11324	66061271040.000000
281474976710655.000000	27.353010	11325	66062315520.000000
281474976710655.000000	30.867859	11326	66063355904.000000
281474976710655.000000	30.721148	11327	66064400384.000000
281474976710655.000000	34.036648	11328	66065444864.000000
281474976710655.000000	30.273493	11329	66066485248.000000
281474976710655.000000	28.125154	11330	66067537920.000000
281474976710655.000000	29.020231	11331	66068557824.000000
281474976710655.000000	29.419025	11332	66069630976.000000
281474976710655.000000	28.830462	11333	66070638592.000000
281474976710655.000000	28.314501	11334	66071724032.000000
281474976710655.000000	28.975760	11335	66072727552.000000
281474976710655.000000	29.535614	11336	66073812992.000000
281474976710655.000000	32.267956	11337	66074812416.000000
281474976710655.000000	27.910175	11338	66075893760.000000
281474976710655.000000	26.757359	11339	66076901376.000000
281474976710655.000000	31.859419	11340	66077978624.000000
281474976710655.000000	30.287796	11341	66078994432.000000
281474976710655.000000	30.404171	11342	66080055296.000000
281474976710655.000000	28.397192	11343	66081087488.000000
281474976710655.000000	30.335730	11344	66082140160.000000
281474976710655.000000	34.099693	11345	66083180544.000000
281474976710655.000000	28.923094	11346	66084225024.000000
281474976710655.000000	28.817629	11347	66085269504.000000
281474976710655.000000	31.901991	11348	66086309888.000000
281474976710655.000000	30.808113	11349	66087354368.000000
281474976710655.000000	29.130484	11350	66088394752.000000
281474976710655.000000	26.253050	11351	66089439232.000000
281474976710655.000000	35.760300	11352	66090483712.000000
281474976710655.000000	28.757719	11353	66091528192.000000
281474976710655.000000	32.448616	11354	66092568576.000000
281474976710655.000000	30.946154	11355	66093613056.000000
281474976710655.000000	29.624859	11356	66094657536.000000
281474976710655.000000	28.094711	11357	66095697920.000000
281474976710655.000000	30.844994	11358	66096742400.000000
281474976710655.000000	30.853559	11359	66097786880.000000
281474976710655.000000	33.790524	11360	66098827264.000000
281474976710655.000000	35.105148	11361	66099875840.000000
281474976710655.000000	35.493366	11362	66100916224.000000
281474976710655.000000	33.651150	11363	66101960704.000000
281474976710655.000000	36.764267	11364	66103001088.000000
281474976710655.000000	28.010105	11365	66104045568.000000
281474976710655.000000	29.426352	11366	66105094144.000000
281474976710655.000000	42.917770	11367	66106126336.000000
281474976710655.000000	31.180901	11368	66107183104.000000
281474976710655.000000	32.856346	11369	66108207104.000000
281474976710655.000000	29.507376	11370	66109276160.000000
281474976710655.000000	35.642593	11371	66110287872.000000
281474976710655.000000	36.433292	11372	66111369216.000000
281474976710655.000000	32.595245	11373	66112372736.000000
281474976710655.000000	32.193085	11374	66113458176.000000
281474976710655.000000	35.067097	11375	66114457600.000000
281474976710655.000000	29.395863	11376	66115543040.000000
281474976710655.000000	30.579981	11377	66116546560.000000
281474976710655.000000	44.595917	11378	66117623808.000000
281474976710655.000000	39.708874	11379	66118639616.000000
281474976710655.000000	31.411463	11380	66119704576.000000
281474976710655.000000	31.490871	11381	66120732672.000000
281474976710655.000000	40.104973	11382	66121785344.000000
281474976710655.000000	28.797817	11383	66122821632.000000
281474976710655.000000	32.558372	11384	66123870208.000000
281474976710655.000000	31.515293	11385	66124910592.000000
281474976710655.000000	32.208984	11386	66125955072.000000
281474976710655.000000	29.901505	11387	66126999552.000000
281474976710655.000000	34.589340	11388	66128039936.000000
281474976710655.000000	32.126873	11389	66129084416.000000
281474976710655.000000	35.987495	11390	66130128896.000000
281474976710655.000000	36.416172	11391	66131169280.000000
281474976710655.000000	29.214970	11392	66132213760.000000
281474976710655.000000	26.684933	11393	66133254144.000000
281474976710655.000000	29.370646	11394	66134302720.000000
281474976710655.000000	28.820986	11395	66135343104.000000
281474976710655.000000	35.152172	11396	66136387584.000000
281474976710655.000000	41.085320	11397	66137427968.000000
281474976710655.000000	32.103569	11398	66138476544.000000
281474976710655.000000	29.732992	11399	66139516928.000000
281474976710655.000000	33.006630	11400	66140561408.000000
281474976710655.000000	30.948608	11401	66141605888.000000
281474976710655.000000	38.512016	11402	66142646272.000000
281474976710655.000000	32.066906	11403	66143690752.000000
281474976710655.000000	31.527370	11404	66144731136.000000
281474976710655.000000	30.740904	11405	66145775616.000000
281474976710655.000000	27.957926	11406	66146820096.000000
281474976710655.000000	34.715260	11407	66147860480.000000
281474976710655.000000	34.486835	11408	66148909056.000000
281474976710655.000000	35.319393	11409	66149945344.000000
281474976710655.000000	36.206581	11410	66151002112.000000
281474976710655.000000	30.311945	11411	66152026112.000000
281474976710655.000000	30.506464	11412	66153091072.000000
281474976710655.000000	38.033321	11413	66154106880.000000
281474976710655.000000	38.897926	11414	66155184128.000000
281474976710655.000000	31.865196	11415	66156191744.000000
281474976710655.000000	34.657570	11416	66157273088.000000
281474976710655.000000	31.784008	11417	66158276608.000000
281474976710655.000000	32.926163	11418	66159362048.000000
281474976710655.000000	33.446354	11419	66160361472.000000
281474976710655.000000	29.456156	11420	66161442816.000000
281474976710655.000000	36.816261	11421	66162454528.000000
281474976710655.000000	33.000076	11422	66163527680.000000
281474976710655.000000	35.870213	11423	66164543488.000000
281474976710655.000000	28.557512	11424	66165608448.000000
281474976710655.000000	34.612484	11425	66166632448.000000
281474976710655.000000	46.012779	11426	66167693312.000000
281474976710655.000000	42.774136	11427	66168721408.000000
281474976710655.000000	29.920033	11428	66169778176.000000
281474976710655.000000	37.460804	11429	66170814464.000000
281474976710655.000000	38.485390	11430	66171863040.000000
281474976710655.000000	36.223152	11431	66172899328.000000
281474976710655.000000	33.646782	11432	66173947904.000000
281474976710655.000000	37.533722	11433	66174988288.000000
281474976710655.000000	32.369362	11434	66176032768.000000
281474976710655.000000	29.270033	11435	66177073152.000000
281474976710655.000000	28.672033	11436	66178121728.000000
281474976710655.000000	33.286469	11437	66179162112.000000
281474976710655.000000	32.581711	11438	66180206592.000000
281474976710655.000000	42.888664	11439	66181246976.000000
281474976710655.000000	31.877548	11440	66182291456.000000
281474976710655.000000	35.651859	11441	66183331840.000000
281474976710655.000000	33.425251	11442	66184380416.000000
281474976710655.000000	36.570248	11443	66185416704.000000
281474976710655.000000	36.898556	11444	66186469376.000000
281474976710655.000000	43.345493	11445	66187501568.000000
281474976710655.000000	31.951473	11446	66188562432.000000
281474976710655.000000	31.868847	11447	66189582336.000000
281474976710655.000000	32.569576	11448	66190651392.000000
281474976710655.000000	40.677982	11449	66191667200.000000
281474976710655.000000	38.997150	11450	66192740352.000000
281474976710655.000000	36.524094	11451	66193747968.000000
281474976710655.000000	34.575935	11452	66194829312.000000
281474976710655.000000	36.163944	11453	66195832832.000000
281474976710655.000000	31.482954	11454	66196918272.000000
