time (s)	coil I (A)	last det (V)	int current (uC)
65884.917571	0.420200	149.121094	177.148437
65884.919573	0.622173	149.121094	177.148437
65884.921574	0.628532	149.121094	177.148437
65884.923573	0.626738	6.894119	1.000695
65886.002518	0.346104	207.714844	-142.773437
65886.004520	0.597954	207.714844	-142.773437
65886.006519	0.629274	207.714844	-142.773437
65886.008520	0.627229	6.899517	0.999783
65887.000519	0.627240	147.265625	180.566406
65887.002519	0.629037	6.919413	0.937924
65888.100533	0.474361	213.574219	-147.558594
65888.102536	0.628958	213.574219	-147.558594
65888.104535	0.628331	6.911640	1.086707
65889.073082	0.627022	140.429687	194.433594
65889.075085	0.629004	140.429687	194.433594
65889.077084	0.627203	6.899233	1.148067
65890.189563	0.484338	190.527344	-153.417969
65890.191564	0.629145	190.527344	-153.417969
65890.193564	0.628018	6.908193	0.955573
65891.176087	0.394628	140.820312	205.468750
65891.178088	0.616109	140.820312	205.468750
65891.180089	0.628968	140.820312	205.468750
65891.182090	0.627076	6.897833	1.011103
65892.256148	0.631038	170.703125	-169.531250
65892.258149	0.628909	6.918004	1.061507
65893.278164	0.627976	145.312500	206.347656
65893.280166	0.626387	6.890256	1.186379
65894.334726	0.485388	135.058594	-155.761719
65894.340725	0.627810	135.058594	-155.761719
65894.342727	0.626529	6.891816	0.919340
65895.362738	0.474541	146.386719	197.558594
65895.364742	0.629523	146.386719	197.558594
65895.366739	0.628870	6.917570	1.102612
65896.418767	0.364462	190.917969	-150.683594
65896.420770	0.605448	190.917969	-150.683594
65896.422768	0.628747	190.917969	-150.683594
65896.426766	0.625409	6.879497	1.093584
65897.459727	0.449862	141.308594	191.894531
65897.461727	0.627138	141.308594	191.894531
65897.463726	0.628555	6.914104	0.772863
65898.521771	0.589187	209.667969	-134.179687
65898.523773	0.629251	209.667969	-134.179687
65898.525775	0.627142	6.898560	1.087552
65899.516251	0.499123	138.769531	195.410156
65899.518254	0.630108	138.769531	195.410156
65899.520251	0.628304	6.911339	1.002949
65900.626262	0.498290	208.398437	-145.703125
65900.628263	0.630574	208.398437	-145.703125
65900.630263	0.628737	6.916107	0.978864
65901.614253	0.589342	138.964844	207.031250
65901.616254	0.629073	138.964844	207.031250
65901.618254	0.626914	6.896051	0.988245
65902.690239	0.439742	177.734375	-157.812500
65902.692240	0.627509	177.734375	-157.812500
65902.694239	0.628286	177.734375	-157.812500
65902.696239	0.628751	6.916257	1.087603
65903.698255	0.495267	144.335937	211.621094
65903.700256	0.630690	144.335937	211.621094
65903.702258	0.628967	6.918633	1.249650
65904.780267	0.572714	142.675781	-157.226562
65904.782270	0.629614	142.675781	-157.226562
65904.784269	0.627339	6.900731	1.079266
65905.801165	0.627047	141.503906	206.933594
65905.803166	0.628893	141.503906	206.933594
65905.805165	0.627123	6.898355	1.139584
65906.847181	0.363500	166.894531	-151.562500
65906.849185	0.604995	166.894531	-151.562500
65906.851184	0.628601	166.894531	-151.562500
65906.853185	0.626583	6.892418	1.125596
65907.901206	0.550539	138.378906	198.925781
65907.903206	0.554133	138.378906	198.925781
65907.905208	0.627465	6.902114	0.882272
65908.949732	0.545941	202.636719	-140.722656
65908.951738	0.631893	202.636719	-140.722656
65908.953735	0.629441	6.923852	1.127590
65909.967780	0.629668	141.406250	193.554687
65909.969781	0.627286	6.900146	0.991682
65911.050305	0.456577	210.253906	-132.910156
65911.052307	0.628359	210.253906	-132.910156
65911.054308	0.629111	6.920219	1.061720
65912.056308	0.630011	134.277344	208.007812
65912.058310	0.627764	134.277344	208.007812
65912.062309	0.624795	6.872744	0.928674
65913.134310	0.328268	205.859375	-134.179687
65913.136313	0.589462	205.859375	-134.179687
65913.140311	0.627303	205.859375	-134.179687
65913.142312	0.625822	6.884043	1.098419
65914.128340	0.567504	140.625000	205.957031
65914.130341	0.628443	6.912872	1.028708
65915.234874	0.630505	192.382812	-139.355469
65915.236875	0.628151	6.909664	1.046027
65916.215428	0.467315	137.109375	214.843750
65916.217430	0.628381	137.109375	214.843750
65916.219429	0.628121	6.909337	1.122598
65917.315479	0.630453	172.070312	-138.574219
65917.317481	0.628382	6.912199	0.913050
65918.303488	0.332705	135.742187	221.875000
65918.305491	0.591390	135.742187	221.875000
65918.307490	0.628984	135.742187	221.875000
65918.309491	0.626886	6.895751	1.109154
65919.389552	0.427168	180.859375	-146.093750
65919.391554	0.623447	180.859375	-146.093750
65919.393556	0.628384	180.859375	-146.093750
65919.395559	0.626588	6.892463	1.045283
65920.391593	0.629929	143.359375	214.746094
65920.393592	0.627849	6.906341	1.168099
65921.485585	0.254950	163.574219	-143.554687
65921.487585	0.544229	163.574219	-143.554687
65921.489586	0.630248	163.574219	-143.554687
65921.491585	0.627767	6.905437	0.913767
65922.481599	0.361602	132.617187	230.566406
65922.483600	0.604435	132.617187	230.566406
65922.485599	0.629015	132.617187	230.566406
65922.487600	0.627011	6.897124	1.109035
65923.571597	0.430076	167.382812	-142.675781
65923.573599	0.624303	167.382812	-142.675781
65923.575599	0.628674	167.382812	-142.675781
65923.577599	0.626896	6.895857	0.966261
65924.565623	0.231548	132.812500	228.710937
65924.567625	0.527882	132.812500	228.710937
65924.569625	0.633113	132.812500	228.710937
65924.571626	0.630747	6.938219	1.186265
65925.663615	0.629906	186.230469	-143.847656
65925.665617	0.627562	6.903186	1.055465
65926.651624	0.406909	133.593750	225.488281
65926.655626	0.630107	133.593750	225.488281
65926.657627	0.628180	133.593750	225.488281
65926.659626	0.626926	6.896185	1.068985
65927.745656	3.095457	200.781250	-138.671875
65927.747655	0.629240	200.781250	-138.671875
65927.749655	0.629285	6.922133	1.014766
65928.736187	0.361050	137.109375	213.964844
65928.738191	0.604595	137.109375	213.964844
65928.740189	0.629643	137.109375	213.964844
65928.742188	0.627615	6.903762	1.104122
65929.835076	0.527127	214.746094	-130.468750
65929.837076	0.630191	214.746094	-130.468750
65929.841075	0.626318	6.889494	1.118271
65930.821064	0.363344	136.328125	210.351562
65930.823064	0.605144	136.328125	210.351562
65930.825065	0.629046	136.328125	210.351562
65930.827065	0.627011	6.897124	1.084812
65931.919043	0.400288	225.976562	-128.320312
65931.921046	0.617667	225.976562	-128.320312
65931.923047	0.629003	225.976562	-128.320312
65931.925045	0.628912	6.918030	1.069964
65932.919976	0.589001	135.546875	210.058594
65932.921978	0.629402	135.546875	210.058594
65932.923979	0.627217	6.899384	1.000030
65933.994036	0.627711	210.742187	-127.050781
65933.996036	0.628060	6.908662	1.122234
65935.024109	0.439200	138.281250	209.082031
65935.026107	0.626386	138.281250	209.082031
65935.028107	0.628440	138.281250	209.082031
65935.030105	0.626679	6.893473	0.900058
65936.064128	0.391452	185.839844	-132.031250
65936.066130	0.614497	185.839844	-132.031250
65936.070128	0.626346	185.839844	-132.031250
65936.072131	0.624970	6.874667	1.148366
65937.112138	0.305169	134.765625	225.292969
65937.114138	0.576862	134.765625	225.292969
65937.116138	0.629842	134.765625	225.292969
65937.118139	0.627517	6.902689	1.066508
65938.156169	0.234161	143.164062	-138.671875
65938.160170	0.631365	143.164062	-138.671875
65938.164170	0.627362	143.164062	-138.671875
65938.166172	0.626200	6.888200	1.029547
65939.198182	0.480781	134.375000	235.253906
65939.200184	0.630088	134.375000	235.253906
65939.204184	0.627483	6.902317	1.067587
65940.250756	0.465294	149.902344	-141.894531
65940.252758	0.629147	149.902344	-141.894531
65940.254758	0.629053	6.919581	1.002660
65941.262827	0.514641	139.355469	226.855469
65941.264828	0.630060	139.355469	226.855469
65941.266829	0.627894	6.906828	1.212479
65942.350838	0.290674	183.105469	-135.449219
65942.352840	0.568307	183.105469	-135.449219
65942.354840	0.629853	183.105469	-135.449219
65942.356839	0.627501	6.902513	0.955823
65943.342849	0.409675	133.398437	224.218750
65943.344850	0.620054	133.398437	224.218750
65943.346850	0.628793	133.398437	224.218750
65943.348850	0.626974	6.896717	1.081724
65944.440852	0.449925	209.472656	-123.339844
65944.442854	0.627291	209.472656	-123.339844
65944.444855	0.628678	6.915460	1.076731
65945.434855	0.248974	129.199219	222.656250
65945.436859	0.539949	129.199219	222.656250
65945.438858	0.630105	129.199219	222.656250
65945.440857	0.630039	6.930429	1.052112
65946.512887	0.370081	218.847656	-121.484375
65946.514889	0.607824	218.847656	-121.484375
65946.516887	0.628955	218.847656	-121.484375
65946.518888	0.626994	6.896938	1.182595
65947.536881	0.368978	132.226562	219.628906
65947.538884	0.607508	132.226562	219.628906
65947.540883	0.629118	132.226562	219.628906
65947.542884	0.627194	6.899136	0.991684
65948.588900	0.269317	207.812500	-129.785156
65948.590905	0.554097	207.812500	-129.785156
65948.592903	0.629767	207.812500	-129.785156
65948.594904	0.627367	6.901041	1.216183
65949.635838	0.595101	135.253906	221.777344
65949.637840	0.629607	135.253906	221.777344
65949.639840	0.629521	6.924730	0.970805
65950.678380	0.348922	159.472656	-135.156250
65950.682380	0.629039	159.472656	-135.156250
65950.684381	0.626982	159.472656	-135.156250
65950.686380	0.625519	6.880711	1.023389
65951.720398	0.569181	126.757812	243.164062
65951.722398	0.629676	126.757812	243.164062
65951.724399	0.627335	6.900686	1.123144
65952.769295	0.596829	159.082031	-145.117187
65952.771297	0.629769	159.082031	-145.117187
65952.773297	0.627742	6.905162	0.955794
65953.791814	0.420035	129.003906	241.992187
65953.793815	0.622475	129.003906	241.992187
65953.795814	0.628993	129.003906	241.992187
65953.797815	0.627116	6.898276	1.175269
65954.865846	0.541380	166.601562	-143.164062
65954.867849	0.631169	166.601562	-143.164062
65954.869849	0.628664	6.915301	1.035721
65955.872808	0.452613	134.277344	233.398437
65955.874811	0.627879	134.277344	233.398437
65955.876809	0.629055	6.919608	1.228723
65956.957730	0.376175	182.226562	-137.207031
65956.959731	0.610162	182.226562	-137.207031
65956.961732	0.629141	182.226562	-137.207031
65956.963732	0.627209	6.899304	0.983437
65957.958234	0.529003	127.246094	239.843750
65957.960235	0.630422	127.246094	239.843750
65957.962235	0.628081	6.908893	1.126141
65959.046249	0.310484	203.808594	-132.421875
65959.048249	0.579988	203.808594	-132.421875
65959.050251	0.629734	203.808594	-132.421875
65959.052249	0.627488	6.902371	1.031671
65960.042794	0.491101	130.859375	229.785156
65960.044795	0.629723	130.859375	229.785156
65960.046795	0.628256	6.910816	1.079351
65961.138809	0.630393	195.214844	-122.851562
65961.140810	0.627944	6.907387	1.104546
65962.128802	0.606012	128.417969	230.273437
65962.130805	0.629369	128.417969	230.273437
65962.132803	0.627341	6.900749	1.106891
65963.227325	0.629159	218.359375	-123.632812
65963.229327	0.628088	6.908973	1.039026
65964.215899	0.385538	123.144531	238.671875
65964.217901	0.613388	123.144531	238.671875
65964.219900	0.629280	123.144531	238.671875
65964.221901	0.627389	6.901280	1.061471
65965.311923	0.626822	206.640625	-119.140625
65965.313925	0.629009	206.640625	-119.140625
65965.315925	0.627216	6.899375	1.037884
65966.299936	0.257647	128.125000	233.593750
65966.301938	0.545961	128.125000	233.593750
65966.303938	0.629904	128.125000	233.593750
65966.305938	0.627541	6.902956	1.072518
65967.397976	0.307958	225.781250	-125.683594
65967.399979	0.578589	225.781250	-125.683594
65967.401980	0.629785	225.781250	-125.683594
65967.403978	0.627569	6.903256	1.048299
65968.389991	0.424200	122.753906	243.359375
65968.391994	0.623787	122.753906	243.359375
65968.393994	0.629502	122.753906	243.359375
65968.395993	0.627646	6.904108	1.088057
65969.483996	0.480139	213.964844	-125.292969
65969.486000	0.630149	213.964844	-125.292969
65969.488005	0.629106	6.920166	1.044283
65970.478542	0.364277	120.996094	250.976562
65970.480541	0.605571	120.996094	250.976562
65970.482542	0.629145	120.996094	250.976562
65970.484542	0.627143	6.898577	1.097309
65971.567421	0.262226	190.136719	-126.074219
65971.569423	0.549298	190.136719	-126.074219
65971.571423	0.630005	190.136719	-126.074219
65971.573423	0.629896	6.928860	0.995164
65972.565402	0.606089	124.121094	254.687500
65972.567403	0.629712	124.121094	254.687500
65972.569403	0.627703	6.904737	1.382554
65973.653370	0.429383	171.093750	-126.562500
65973.655372	0.438043	171.093750	-126.562500
65973.657370	0.628313	171.093750	-126.562500
65973.659373	0.626540	6.891939	0.967324
65974.659399	0.630576	130.078125	250.976562
65974.661402	0.628694	6.915629	1.161610
65975.733924	0.397071	147.949219	-127.050781
65975.735927	0.403962	147.949219	-127.050781
65975.737925	0.629064	147.949219	-127.050781
65975.739926	0.627189	6.899074	0.989822
65976.753933	0.413438	126.757812	259.375000
65976.755935	0.620514	126.757812	259.375000
65976.757936	0.628341	126.757812	259.375000
65976.759935	0.626443	6.890876	1.131405
65977.807985	0.584624	168.359375	-133.203125
65977.811987	0.627437	168.359375	-133.203125
65977.813986	0.625955	6.885506	1.027169
65978.846541	0.345382	128.906250	252.539062
65978.848544	0.597406	128.906250	252.539062
65978.850544	0.629079	128.906250	252.539062
65978.852543	0.627035	6.897381	1.086880
65979.896529	0.543252	161.718750	-120.312500
65979.898532	0.630700	161.718750	-120.312500
65979.900532	0.628262	6.910879	1.084765
65980.938552	0.630280	128.906250	241.503906
65980.940554	0.628354	128.906250	241.503906
65980.942556	0.626732	6.894049	1.021407
65981.980561	0.432347	199.121094	-114.355469
65981.982562	0.623911	199.121094	-114.355469
65981.984562	0.627955	199.121094	-114.355469
65981.986563	0.626116	6.887278	1.117023
65983.016564	0.390625	125.878906	238.867187
65983.018566	0.614495	125.878906	238.867187
65983.020566	0.615968	125.878906	238.867187
65983.022566	0.626728	6.894005	0.984277
65984.080631	0.630779	214.550781	-108.593750
65984.082634	0.628342	6.911764	1.199901
65985.088587	0.306556	128.222656	233.984375
65985.090589	0.577272	128.222656	233.984375
65985.092590	0.629164	128.222656	233.984375
65985.094590	0.626965	6.896619	1.031680
65986.170566	0.402298	226.562500	-111.718750
65986.172569	0.617720	226.562500	-111.718750
65986.174567	0.628425	226.562500	-111.718750
65986.176568	0.626509	6.891603	1.139241
65987.170565	0.485061	122.070312	250.390625
65987.172566	0.490487	122.070312	250.390625
65987.174567	0.628221	6.910426	1.083512
65988.262605	0.247222	215.917969	-122.070312
65988.264610	0.538756	215.917969	-122.070312
65988.266609	0.630685	215.917969	-122.070312
65988.268607	0.628189	6.910080	1.024905
65989.263132	0.414599	125.000000	257.714844
65989.265133	0.620597	125.000000	257.714844
65989.267136	0.628104	125.000000	257.714844
65989.269133	0.626223	6.888448	1.081094
65990.343100	0.630201	164.550781	-122.363281
65990.345103	0.628037	6.908405	1.018443
65991.359117	0.630099	121.191406	270.996094
65991.361120	0.627694	6.904639	1.193089
65992.417129	0.426038	150.488281	-126.757812
65992.419130	0.623530	150.488281	-126.757812
65992.421131	0.628546	150.488281	-126.757812
65992.423130	0.626737	6.894102	1.031496
65993.449185	0.406648	128.320312	256.054687
65993.451187	0.618724	128.320312	256.054687
65993.453188	0.628230	128.320312	256.054687
65993.455187	0.628161	6.909770	1.158783
65994.497212	0.322457	164.941406	-124.804687
65994.499213	0.586445	164.941406	-124.804687
65994.503213	0.627542	164.941406	-124.804687
65994.505216	0.626055	6.886604	1.058566
65995.543272	0.546878	122.851562	258.593750
65995.545275	0.630241	122.851562	258.593750
65995.547274	0.627869	6.906562	1.138800
65996.587282	0.488301	177.734375	-115.625000
65996.589282	0.629385	177.734375	-115.625000
65996.591285	0.628006	6.908069	1.072453
65997.627270	0.431238	123.925781	249.218750
65997.629271	0.624205	123.925781	249.218750
65997.631271	0.628405	123.925781	249.218750
65997.633273	0.626586	6.892445	1.028434
65998.677280	0.597469	214.550781	-113.769531
65998.679283	0.628693	214.550781	-113.769531
65998.681282	0.626685	6.893535	1.122910
65999.711822	0.382294	122.753906	247.656250
65999.713822	0.611950	122.753906	247.656250
65999.715824	0.628901	122.753906	247.656250
65999.719820	0.625497	6.880463	1.005108
66000.763865	0.284941	221.972656	-108.593750
66000.765866	0.564478	221.972656	-108.593750
66000.767864	0.629898	221.972656	-108.593750
66000.769864	0.627551	6.903062	1.155983
66001.791888	0.274321	124.804687	241.406250
66001.793889	0.557443	124.804687	241.406250
66001.795890	0.629530	124.804687	241.406250
66001.797891	0.627142	6.898560	0.978966
66002.857893	0.433363	226.953125	-104.882812
66002.859895	0.624699	226.953125	-104.882812
66002.861893	0.628513	226.953125	-104.882812
66002.863894	0.626720	6.893916	1.128658
66003.869909	0.475670	122.363281	245.703125
66003.871910	0.629489	122.363281	245.703125
66003.873911	0.628622	6.914840	1.058908
66004.950415	0.354286	230.468750	-104.003906
66004.952416	0.601225	230.468750	-104.003906
66004.954417	0.628759	230.468750	-104.003906
66004.956423	0.626710	6.893809	1.033330
66005.958438	0.415330	124.511719	244.824219
66005.960440	0.620896	124.511719	244.824219
66005.962441	0.628352	124.511719	244.824219
66005.964441	0.626493	6.891425	1.011585
66007.036465	0.523976	222.851562	-102.636719
66007.038468	0.630443	222.851562	-102.636719
66007.040466	0.628121	6.909328	1.130073
66008.047371	0.410117	125.878906	244.433594
66008.049373	0.620075	125.878906	244.433594
66008.051373	0.628658	125.878906	244.433594
66008.053373	0.626853	6.895387	1.004238
66009.119931	0.322283	253.222656	-108.203125
66009.123931	0.629482	253.222656	-108.203125
66009.125932	0.627304	253.222656	-108.203125
66009.127932	0.625825	6.884079	1.144781
66010.136862	0.488021	125.781250	246.289062
66010.138862	0.629349	125.781250	246.289062
66010.140862	0.628026	6.908291	1.002092
66011.207432	0.621876	252.050781	-108.300781
66011.209431	0.628757	252.050781	-108.300781
66011.211431	0.626923	6.896149	1.124374
66012.225402	0.427098	125.000000	247.558594
66012.227403	0.623503	125.000000	247.558594
66012.229403	0.628463	125.000000	247.558594
66012.231405	0.626747	6.894217	0.999651
66013.293929	0.628487	240.429687	-106.347656
66013.295930	0.626543	240.429687	-106.347656
66013.297929	0.625045	6.875491	1.123073
66014.314474	0.443603	121.484375	254.492187
66014.316475	0.626189	121.484375	254.492187
66014.318476	0.628407	121.484375	254.492187
66014.320475	0.626597	6.892569	0.994413
66015.372482	0.590863	211.230469	-103.222656
66015.374484	0.629548	211.230469	-103.222656
66015.376484	0.627447	6.901918	1.136499
66016.407370	2.066509	121.386719	255.468750
66016.409373	0.622099	121.386719	255.468750
66016.411374	0.628095	121.386719	255.468750
66016.413373	0.626239	6.888634	0.984946
66017.455387	0.337299	224.902344	-111.425781
66017.457389	0.593658	224.902344	-111.425781
66017.459389	0.628992	224.902344	-111.425781
66017.461390	0.626919	6.896114	1.083240
66018.495370	0.273990	123.730469	257.714844
66018.497370	0.557275	123.730469	257.714844
66018.499372	0.629702	123.730469	257.714844
66018.501372	0.627323	6.900554	1.046133
66019.541393	0.503571	176.464844	-110.058594
66019.543396	0.630209	176.464844	-110.058594
66019.545394	0.628322	6.911543	1.034282
66020.589440	0.628541	122.558594	269.042969
66020.591442	0.626803	122.558594	269.042969
66020.595440	0.624249	6.866735	1.040592
66021.627447	0.613474	185.937500	-120.312500
66021.629449	0.628585	185.937500	-120.312500
66021.631449	0.626639	6.893030	1.067846
66022.667958	0.618858	125.683594	271.582031
66022.669960	0.628236	125.683594	271.582031
66022.671961	0.626451	6.890956	1.127698
66023.718465	0.380872	186.132812	-123.730469
66023.720466	0.611930	186.132812	-123.730469
66023.722468	0.629386	186.132812	-123.730469
66023.726465	0.626087	6.886959	1.004106
66024.742448	0.379188	124.023437	276.171875
66024.744448	0.610903	124.023437	276.171875
66024.746448	0.628813	124.023437	276.171875
66024.748450	0.626910	6.896007	1.174069
66025.816451	0.503559	189.160156	-118.261719
66025.818453	0.629979	189.160156	-118.261719
66025.820452	0.628060	6.908662	0.985346
66026.820989	0.603664	125.878906	271.386719
66026.822991	0.629123	125.878906	271.386719
66026.824989	0.627106	6.898161	1.198563
66027.911551	0.630174	218.457031	-111.914062
66027.913551	0.628236	6.910594	1.004159
66028.910047	0.610200	118.164062	274.609375
66028.912049	0.629544	118.164062	274.609375
66028.914049	0.627550	6.903053	1.073171
66029.998068	0.447220	225.878906	-101.757812
66030.002066	0.629168	225.878906	-101.757812
66030.004066	0.627396	6.901361	1.037214
66030.998093	0.528261	118.457031	266.503906
66031.000094	0.630601	118.457031	266.503906
66031.002096	0.628184	6.910019	1.041771
66032.078136	0.342598	244.921875	-100.878906
66032.082136	0.628644	244.921875	-100.878906
66032.084137	0.626611	244.921875	-100.878906
66032.086139	0.625091	6.875997	1.083832
66033.090162	0.388730	120.117187	259.863281
66033.092163	0.613738	120.117187	259.863281
66033.094163	0.628321	120.117187	259.863281
66033.096162	0.626412	6.890531	0.988916
66034.152172	0.547077	229.687500	-99.609375
66034.156171	0.627630	229.687500	-99.609375
66034.158173	0.626054	6.886596	1.183879
66035.188183	0.514426	121.484375	260.644531
66035.190185	0.629862	121.484375	260.644531
66035.192184	0.627722	6.904940	0.966742
66036.234214	0.626992	211.621094	-102.832031
66036.238214	0.626737	6.894111	1.137165
66037.276248	2.075687	122.363281	265.722656
66037.278249	0.612169	122.363281	265.722656
66037.280250	0.628380	122.363281	265.722656
66037.282250	0.626461	6.891071	1.032820
66038.322254	0.580599	178.515625	-105.761719
66038.324257	0.629693	178.515625	-105.761719
66038.326256	0.627500	6.902495	1.074867
66039.366318	0.538080	120.996094	276.464844
66039.368320	0.629991	120.996094	276.464844
66039.370320	0.627645	6.904099	1.087867
66040.406335	0.492967	169.335937	-110.937500
66040.408337	0.630337	169.335937	-110.937500
66040.410337	0.628785	6.916630	1.033134
66041.450362	0.427703	121.191406	282.324219
66041.452365	0.623250	121.191406	282.324219
66041.454365	0.628128	121.191406	282.324219
66041.456364	0.626239	6.888634	1.074518
66042.498366	0.341442	166.894531	-113.769531
66042.500369	0.595532	166.894531	-113.769531
66042.502368	0.628797	166.894531	-113.769531
66042.504369	0.626707	6.893774	0.976907
66043.530371	0.311949	120.800781	287.988281
66043.532372	0.580486	120.800781	287.988281
66043.534372	0.629103	120.800781	287.988281
66043.536373	0.626861	6.895467	1.122351
66044.590376	0.629894	154.687500	-110.546875
66044.592379	0.628146	6.909602	0.969571
66045.618389	0.629593	117.773437	293.164062
66045.620392	0.628392	117.773437	293.164062
66045.622392	0.628310	6.911410	1.099000
66046.676431	0.363815	166.796875	-111.035156
66046.678435	0.605603	166.796875	-111.035156
66046.680434	0.629283	166.796875	-111.035156
66046.682432	0.627317	6.900483	1.006738
66047.696479	0.385447	118.945312	292.871094
66047.698481	0.612753	118.945312	292.871094
66047.700481	0.628421	118.945312	292.871094
66047.702480	0.626486	6.891346	1.162143
66048.766517	0.523631	173.242187	-110.742187
66048.768519	0.630895	173.242187	-110.742187
66048.770518	0.628492	6.913413	0.984357
66049.784511	0.241093	118.359375	293.652344
66049.786513	0.534272	118.359375	293.652344
66049.788514	0.630112	118.359375	293.652344
66049.790513	0.627742	6.905162	1.112969
66050.854518	0.389038	181.347656	-110.644531
66050.856520	0.614069	181.347656	-110.644531
66050.858520	0.628438	181.347656	-110.644531
66050.860519	0.626592	6.892516	0.960657
66051.870548	0.421415	124.902344	285.742187
66051.872548	0.622272	124.902344	285.742187
66051.874548	0.628431	124.902344	285.742187
66051.876547	0.626571	6.892276	1.130344
66052.939486	0.404522	184.277344	-111.914062
66052.941488	0.618598	184.277344	-111.914062
66052.943490	0.628656	184.277344	-111.914062
66052.945491	0.626810	6.894908	0.959684
66053.959492	0.419477	117.480469	297.558594
66053.961493	0.621927	117.480469	297.558594
66053.963492	0.628289	117.480469	297.558594
66053.965494	0.626439	6.890832	1.112067
66055.027532	0.630210	159.179687	-107.324219
66055.029533	0.627786	6.905641	1.081486
66056.047498	0.274532	119.042969	295.312500
66056.049499	0.557545	119.042969	295.312500
66056.051499	0.629593	119.042969	295.312500
66056.053500	0.627263	6.899898	1.137832
66057.109559	0.454889	157.714844	-107.714844
66057.111561	0.627653	157.714844	-107.714844
66057.113561	0.628545	6.913998	0.940536
66058.138456	0.374870	123.535156	288.476562
66058.140458	0.629515	123.535156	288.476562
66058.142459	0.627112	6.898232	1.133109
66059.193014	0.630836	185.937500	-110.546875
66059.195015	0.628276	185.937500	-110.546875
66059.197017	0.626738	6.894119	1.053469
66060.225532	0.292624	126.367187	280.371094
66060.227533	0.569316	126.367187	280.371094
66060.229533	0.629679	126.367187	280.371094
66060.231534	0.627425	6.901679	1.118421
66061.275546	0.504939	170.214844	-103.222656
66061.277548	0.629532	170.214844	-103.222656
66061.279548	0.627591	6.903496	1.009261
66062.320034	0.506448	117.968750	289.746094
66062.322037	0.629796	117.968750	289.746094
66062.324036	0.627806	6.905871	1.029270
66063.362068	0.627428	186.816406	-97.949219
66063.364069	0.628146	6.909602	1.039206
66064.404112	0.392698	117.773437	283.886719
66064.406114	0.614790	117.773437	283.886719
66064.410112	0.626289	117.773437	283.886719
66064.412113	0.624803	6.872832	1.017124
66065.448135	0.323460	218.261719	-94.726562
66065.450136	0.586741	218.261719	-94.726562
66065.452147	0.629186	218.261719	-94.726562
66065.454151	0.627088	6.897966	1.076006
66066.490159	0.553312	116.113281	281.445312
66066.492161	0.630066	116.113281	281.445312
66066.494162	0.627658	6.904241	1.062217
66067.544188	0.629199	254.589844	-93.750000
66067.546191	0.628540	6.913944	1.085334
66068.562691	0.549420	116.992187	277.539062
66068.564695	0.630574	116.992187	277.539062
66068.566695	0.628157	6.909726	1.118284
66069.634729	0.395714	272.070312	-94.531250
66069.636729	0.616109	272.070312	-94.531250
66069.638729	0.628581	272.070312	-94.531250
66069.640729	0.626724	6.893960	1.117962
66070.641310	0.237079	113.574219	285.253906
66070.643311	0.531606	113.574219	285.253906
66070.645313	0.631707	113.574219	285.253906
66070.647311	0.629291	6.922196	1.074435
66071.730208	0.628444	253.320312	-93.652344
66071.732215	0.628924	253.320312	-93.652344
66071.734214	0.628754	6.916293	1.064807
66072.730223	0.228821	115.527344	290.136719
66072.732224	0.525539	115.527344	290.136719
66072.734225	0.632725	115.527344	290.136719
66072.736224	0.630368	6.934053	1.014447
66073.816227	0.318906	240.722656	-98.535156
66073.818230	0.584361	240.722656	-98.535156
66073.820230	0.629354	240.722656	-98.535156
66073.822231	0.627078	6.897860	1.019852
66074.818283	0.620723	111.718750	305.664062
66074.822285	0.626687	111.718750	305.664062
66074.824286	0.625394	6.879337	1.054689
66075.898344	0.514070	206.445312	-100.976562
66075.900346	0.631161	206.445312	-100.976562
66075.902346	0.629008	6.919085	1.002074
66076.904383	0.282143	118.554687	301.464844
66076.906385	0.562537	118.554687	301.464844
66076.910383	0.627171	118.554687	301.464844
66076.912387	0.625645	6.882093	1.135622
66077.982410	0.401419	196.582031	-105.273437
66077.984411	0.617582	196.582031	-105.273437
66077.986412	0.628445	196.582031	-105.273437
66077.988413	0.626600	6.892604	0.928217
66079.000976	0.630078	117.382812	306.152344
66079.002978	0.628054	117.382812	306.152344
66079.004978	0.626408	6.890487	1.123477
66080.059037	0.395808	202.343750	-108.789062
66080.061040	0.616030	202.343750	-108.789062
66080.063040	0.628384	202.343750	-108.789062
66080.065040	0.626544	6.891984	0.984432
66081.092001	0.507221	115.917969	308.398437
66081.094001	0.629946	115.917969	308.398437
66081.096003	0.627902	6.906926	1.093866
66082.144035	0.415970	178.515625	-101.562500
66082.146037	0.620920	178.515625	-101.562500
66082.148036	0.628073	178.515625	-101.562500
66082.150038	0.626240	6.888643	0.972757
66083.184027	0.356783	122.167969	293.066406
66083.186030	0.602229	122.167969	293.066406
66083.188030	0.628687	122.167969	293.066406
66083.192028	0.625198	6.877175	1.074394
66084.230973	0.623141	199.609375	-100.000000
66084.232975	0.628113	199.609375	-100.000000
66084.234975	0.626331	6.889644	0.983289
66085.273520	0.436453	116.992187	298.144531
66085.275520	0.625775	116.992187	298.144531
66085.277521	0.629093	116.992187	298.144531
66085.279521	0.629016	6.919173	1.011591
66086.313555	0.384693	198.535156	-94.531250
66086.315557	0.612581	198.535156	-94.531250
66086.317555	0.628644	198.535156	-94.531250
66086.319556	0.626774	6.894519	1.026352
66087.357544	0.310382	118.652344	291.503906
66087.359546	0.579618	118.652344	291.503906
66087.361546	0.629032	118.652344	291.503906
66087.363546	0.628904	6.917942	1.024806
66088.397552	0.252461	211.914062	-92.675781
66088.399555	0.542449	211.914062	-92.675781
66088.401556	0.630313	211.914062	-92.675781
66088.403556	0.630206	6.932263	1.101348
66089.443593	0.485934	117.382812	291.699219
66089.445594	0.629746	117.382812	291.699219
66089.447592	0.628429	6.912722	1.012758
66090.487615	0.419579	215.820312	-91.113281
66090.489617	0.621783	215.820312	-91.113281
66090.491616	0.628325	215.820312	-91.113281
66090.493615	0.626440	6.890841	1.039425
66091.531662	0.355579	115.722656	295.312500
66091.533663	0.601925	115.722656	295.312500
66091.535663	0.628883	115.722656	295.312500
66091.537664	0.626870	6.895573	0.976006
66092.571669	0.297943	225.976562	-90.429687
66092.573679	0.572341	225.976562	-90.429687
66092.575684	0.629504	225.976562	-90.429687
66092.579685	0.625710	6.882812	1.088896
66093.617708	0.525175	114.843750	296.582031
66093.619710	0.629785	114.843750	296.582031
66093.621712	0.627476	6.902238	1.015217
66094.661749	0.466529	236.328125	-92.675781
66094.663750	0.628386	236.328125	-92.675781
66094.665750	0.628252	6.910772	1.023239
66095.702302	0.487508	116.796875	292.968750
66095.704303	0.628671	116.796875	292.968750
66095.706306	0.627395	6.901343	1.011150
66096.746303	0.418102	223.730469	-92.285156
66096.748306	0.621391	223.730469	-92.285156
66096.750305	0.628175	223.730469	-92.285156
66096.752305	0.626338	6.889715	1.043087
66097.790305	0.345582	115.722656	297.363281
66097.792305	0.597277	115.722656	297.363281
66097.794306	0.628629	115.722656	297.363281
66097.796306	0.626588	6.892471	1.025893
66098.834349	0.629609	201.464844	-91.406250
66098.836350	0.627268	6.899951	1.178685
66099.880349	0.504739	112.890625	306.152344
66099.882350	0.629499	112.890625	306.152344
66099.884350	0.627535	6.902885	0.987112
66100.920440	0.464578	196.093750	-94.335937
66100.922441	0.628329	196.093750	-94.335937
66100.924440	0.628312	6.911428	0.999794
66101.964446	0.392797	112.109375	312.890625
66101.966448	0.614881	112.109375	312.890625
66101.968447	0.628158	112.109375	312.890625
66101.970448	0.626226	6.888484	1.022549
66103.004508	0.345995	199.121094	-98.437500
66103.006510	0.597218	199.121094	-98.437500
66103.008510	0.628374	199.121094	-98.437500
66103.010509	0.626320	6.889520	1.031741
66104.048538	0.276458	112.109375	316.601562
66104.050541	0.558424	112.109375	316.601562
66104.052541	0.629089	112.109375	316.601562
66104.054541	0.626769	6.894456	1.055625
66105.098532	0.489097	200.878906	-101.953125
66105.100535	0.629031	200.878906	-101.953125
66105.102533	0.627592	6.903513	0.977002
66106.131022	0.528012	118.261719	308.789062
66106.133024	0.629946	118.261719	308.789062
66106.135024	0.627626	6.903886	1.087136
66107.187541	0.496063	196.582031	-100.585937
66107.189541	0.629386	196.582031	-100.585937
66107.191541	0.627728	6.905003	0.969867
66108.211589	0.500727	114.160156	316.894531
66108.213590	0.629656	114.160156	316.894531
66108.215589	0.627854	6.906394	1.070593
66109.279613	0.351166	215.820312	-99.316406
66109.281615	0.599749	215.820312	-99.316406
66109.283616	0.628660	215.820312	-99.316406
66109.285615	0.626664	6.893304	0.998009
66110.293595	0.614441	116.699219	308.398437
66110.295595	0.628310	116.699219	308.398437
66110.297596	0.626389	6.890283	1.066005
66111.373615	2.549517	243.945312	-96.777344
66111.375617	0.629514	243.945312	-96.777344
66111.377619	0.628089	6.908982	0.969158
66112.376151	0.345735	110.937500	311.718750
66112.378153	0.597153	110.937500	311.718750
66112.380153	0.628458	110.937500	311.718750
66112.382154	0.626395	6.890344	1.025601
66113.462178	0.432835	252.441406	-90.332031
66113.464182	0.624000	252.441406	-90.332031
66113.466183	0.627928	252.441406	-90.332031
66113.468181	0.626098	6.887083	0.997488
66114.462198	0.517205	107.324219	310.644531
66114.464200	0.629896	107.324219	310.644531
66114.466203	0.627715	6.904861	1.020099
66115.546699	0.384082	267.675781	-87.011719
66115.548703	0.612487	267.675781	-87.011719
66115.550701	0.628639	267.675781	-87.011719
66115.552702	0.626714	6.893854	1.024220
66116.550739	0.460427	109.472656	301.953125
66116.552742	0.628209	109.472656	301.953125
66116.554741	0.628615	6.914760	0.999016
66117.630761	0.629284	291.113281	-87.304687
66117.632763	0.626998	6.896974	1.154445
66118.642786	0.308982	110.839844	300.097656
66118.644788	0.578488	110.839844	300.097656
66118.646788	0.628761	110.839844	300.097656
66118.648788	0.626618	6.892799	0.973751
66119.708815	0.469145	266.699219	-83.886719
66119.710818	0.627631	266.699219	-83.886719
66119.712817	0.627280	6.900084	1.048234
66120.736808	0.453959	113.378906	298.632812
66120.738810	0.461304	113.378906	298.632812
66120.740811	0.627954	6.907493	0.954084
66121.788826	0.356421	275.585937	-87.695312
66121.792827	0.628586	275.585937	-87.695312
66121.794826	0.626563	275.585937	-87.695312
66121.796827	0.625113	6.876245	1.090571
66122.825749	0.451412	113.867187	301.171875
66122.827751	0.626898	113.867187	301.171875
66122.829753	0.628114	6.909256	1.006992
66123.873741	0.364551	238.476562	-87.109375
66123.875743	0.605303	238.476562	-87.109375
66123.877742	0.628429	238.476562	-87.109375
66123.879742	0.626487	6.891355	1.023008
66124.913807	0.316338	113.574219	305.175781
66124.915808	0.582866	113.574219	305.175781
66124.917810	0.629085	113.574219	305.175781
66124.919807	0.626869	6.895565	1.026246
66125.959847	0.538395	218.359375	-89.160156
66125.961849	0.630099	218.359375	-89.160156
66125.963857	0.627755	6.905304	1.068005
66127.003869	0.479692	112.207031	313.476562
66127.005873	0.628643	112.207031	313.476562
66127.007870	0.627662	6.904284	1.012113
66128.045869	0.623114	200.585937	-90.234375
66128.047870	0.628535	200.585937	-90.234375
66128.049871	0.626789	6.894678	1.007676
66129.088330	0.420333	113.671875	315.332031
66129.092330	0.628393	113.671875	315.332031
66129.094332	0.626542	113.671875	315.332031
66129.096331	0.625157	6.876723	1.042004
66130.132357	0.351891	191.894531	-91.308594
66130.136357	0.628881	191.894531	-91.308594
66130.138358	0.626882	191.894531	-91.308594
66130.140358	0.625434	6.879772	1.001743
66131.174385	0.571554	109.765625	324.023437
66131.176388	0.629386	109.765625	324.023437
66131.180385	0.625684	6.882519	1.070091
66132.218416	0.524249	208.105469	-94.921875
66132.220418	0.630022	208.105469	-94.921875
66132.222418	0.627735	6.905083	1.018596
66133.260456	0.628589	114.453125	318.261719
66133.262457	0.627743	6.905171	1.075254
66134.306467	0.395777	213.281250	-95.898437
66134.308475	0.616010	213.281250	-95.898437
66134.310476	0.628569	213.281250	-95.898437
66134.312476	0.626692	6.893615	0.969845
66135.346502	0.342614	113.476562	320.996094
66135.350503	0.628306	113.476562	320.996094
66135.352505	0.626259	113.476562	320.996094
66135.354505	0.624751	6.872265	1.056753
66136.390520	0.270472	198.242187	-93.164062
66136.394521	0.629299	198.242187	-93.164062
66136.396524	0.627030	198.242187	-93.164062
66136.398525	0.625541	6.880950	1.006273
66137.434547	0.630077	108.984375	329.785156
66137.436549	0.627921	6.907129	1.044530
66138.480506	0.426038	210.546875	-93.554687
66138.482507	0.623326	210.546875	-93.554687
66138.484507	0.628444	210.546875	-93.554687
66138.486507	0.626632	6.892950	0.958548
66139.520559	0.378311	111.621094	322.949219
66139.522561	0.611310	111.621094	322.949219
66139.524562	0.629784	111.621094	322.949219
66139.526560	0.627781	6.905587	1.044131
66140.564602	0.312386	210.546875	-91.406250
66140.566604	0.580852	210.546875	-91.406250
66140.568605	0.629531	210.546875	-91.406250
66140.570604	0.627328	6.900607	0.989009
66141.608621	0.240077	111.523437	322.363281
66141.610623	0.533541	111.523437	322.363281
66141.612624	0.630571	111.523437	322.363281
66141.614625	0.628215	6.910365	1.027907
66142.650638	0.485855	208.496094	-87.304687
66142.652638	0.629134	208.496094	-87.304687
66142.656637	0.626236	6.888598	0.988206
66143.694652	0.417921	112.988281	316.796875
66143.696655	0.621297	112.988281	316.796875
66143.698654	0.628025	112.988281	316.796875
66143.700654	0.626187	6.888058	1.024252
66144.738709	0.628473	222.070312	-85.058594
66144.740711	0.626545	6.891993	1.029872
66145.779605	0.432498	112.695312	313.281250
66145.781607	0.624245	112.695312	313.281250
66145.783608	0.628240	112.695312	313.281250
66145.785608	0.626406	6.890468	1.016436
66146.823650	0.368067	258.203125	-84.472656
66146.825652	0.606779	258.203125	-84.472656
66146.827653	0.628789	258.203125	-84.472656
66146.829653	0.626861	6.895467	1.040532
66147.865690	0.583044	109.667969	315.332031
66147.867692	0.630095	109.667969	315.332031
66147.869693	0.627852	6.906376	1.004674
66148.913738	0.527909	258.496094	-80.468750
66148.915739	0.629970	258.496094	-80.468750
66148.917738	0.627676	6.904436	1.082631
66149.949775	0.495180	114.062500	302.832031
66149.951774	0.629446	114.062500	302.832031
66149.953776	0.629527	6.924801	0.958559
66151.006321	0.464917	267.187500	-78.613281
66151.008322	0.628681	267.187500	-78.613281
66151.012320	0.627024	6.897266	1.053657
66152.030341	0.467538	109.375000	310.644531
66152.032343	0.628419	109.375000	310.644531
66152.034343	0.628230	6.910533	0.944271
66153.094353	0.326425	291.406250	-79.785156
66153.096353	0.588263	291.406250	-79.785156
66153.098353	0.629133	291.406250	-79.785156
66153.100352	0.626997	6.896964	1.092136
66154.110400	0.361943	113.964844	305.078125
66154.112400	0.369078	113.964844	305.078125
66154.114401	0.628771	113.964844	305.078125
66154.116401	0.626728	6.894013	0.987561
66155.188366	0.469625	282.226562	-79.492187
66155.190368	0.628803	282.226562	-79.492187
66155.192366	0.628448	6.912926	1.038777
66156.198364	0.630073	109.277344	318.457031
66156.200367	0.627825	6.906075	0.972335
66157.276901	0.405374	268.554687	-81.250000
66157.278902	0.618453	268.554687	-81.250000
66157.280903	0.628380	268.554687	-81.250000
66157.282903	0.626509	6.891603	1.041826
66158.280928	0.480338	109.472656	325.976562
66158.282932	0.628887	109.472656	325.976562
66158.284932	0.627975	6.907723	0.982786
66159.366921	0.550762	255.468750	-84.375000
66159.368925	0.630122	255.468750	-84.375000
66159.370924	0.627723	6.904950	1.064869
66160.364932	0.353867	108.496094	334.375000
66160.366933	0.600846	108.496094	334.375000
66160.368934	0.628557	108.496094	334.375000
66160.370934	0.626496	6.891461	1.058538
66161.446926	0.450808	242.578125	-88.476562
66161.448927	0.626779	242.578125	-88.476562
66161.450928	0.628065	6.908716	0.978748
66162.458917	0.489820	104.101562	346.972656
66162.460919	0.629017	104.101562	346.972656
66162.462919	0.627544	6.902982	1.038206
66163.530916	0.319106	234.082031	-90.917969
66163.532917	0.584280	234.082031	-90.917969
66163.534916	0.628822	234.082031	-90.917969
66163.536917	0.626623	6.892853	0.976855
66164.547432	2.912509	106.640625	345.605469
66164.549434	0.434793	106.640625	345.605469
66164.551432	0.628694	106.640625	345.605469
66164.553433	0.626847	6.895316	1.053194
66165.611402	0.275009	220.117187	-90.234375
66165.613402	0.557829	220.117187	-90.234375
66165.615403	0.629885	220.117187	-90.234375
66165.617402	0.627495	6.902442	0.983029
66166.635397	0.273753	112.500000	335.351562
66166.637399	0.556943	112.500000	335.351562
66166.639398	0.629746	112.500000	335.351562
66166.641400	0.627335	6.900686	1.092726
66167.699424	0.627284	234.667969	-92.480469
66167.701426	0.628559	6.914148	0.955664
66168.726382	0.561058	116.601562	326.660156
66168.728384	0.630053	116.601562	326.660156
66168.730384	0.627641	6.904055	1.184288
66169.782428	0.469177	218.164062	-88.867187
66169.784430	0.628395	218.164062	-88.867187
66169.786430	0.628009	6.908095	0.921757
66170.818442	0.429353	115.917969	326.660156
66170.820442	0.623455	115.917969	326.660156
66170.822442	0.627910	115.917969	326.660156
66170.824443	0.626133	6.887464	1.014040
66171.870500	0.629303	202.929687	-84.863281
66171.872502	0.627305	6.900350	0.935004
66172.904518	0.577793	108.496094	341.210937
66172.906518	0.629996	108.496094	341.210937
66172.908517	0.627686	6.904541	1.209904
66173.952554	0.523678	229.980469	-86.816406
66173.954555	0.631603	229.980469	-86.816406
66173.956556	0.629240	6.921637	0.957811
66174.992613	0.480779	108.007812	341.210937
66174.994614	0.628635	108.007812	341.210937
66174.996615	0.627582	6.903399	1.036083
66176.035481	0.236262	223.730469	-85.351562
66176.037485	0.530692	223.730469	-85.351562
66176.039484	0.630492	223.730469	-85.351562
66176.041484	0.628113	6.909248	0.973747
66177.077529	0.487494	109.375000	337.402344
66177.079531	0.629462	109.375000	337.402344
66177.081530	0.628215	6.910365	1.046042
66178.125534	0.404270	237.109375	-86.816406
66178.127535	0.618062	237.109375	-86.816406
66178.129536	0.628242	237.109375	-86.816406
66178.131536	0.626385	6.890238	0.916122
66179.166072	0.426363	110.742187	335.253906
66179.168072	0.622860	110.742187	335.253906
66179.170074	0.627906	110.742187	335.253906
66179.172074	0.626044	6.886480	1.010860
66180.212065	0.600698	231.933594	-86.230469
66180.214068	0.628431	231.933594	-86.230469
66180.216068	0.626469	6.891160	0.962246
66181.250082	0.297541	109.277344	341.113281
66181.254083	0.629849	109.277344	341.113281
66181.256083	0.629742	109.277344	341.113281
66181.258083	0.626006	6.886064	1.043171
66182.296108	0.522894	216.113281	-85.058594
66182.298110	0.630523	216.113281	-85.058594
66182.300109	0.628238	6.910622	0.993188
66183.336609	0.536712	107.421875	347.167969
66183.338610	0.629793	107.421875	347.167969
66183.340609	0.627400	6.901404	1.044959
66184.385509	0.571526	234.960937	-88.281250
66184.387511	0.629863	234.960937	-88.281250
66184.389511	0.627580	6.903380	1.113376
66185.420041	0.332190	108.984375	347.460937
66185.422045	0.590779	108.984375	347.460937
66185.424045	0.628607	108.984375	347.460937
66185.426044	0.626517	6.891692	1.058384
66186.474116	0.534482	247.167969	-90.332031
66186.476119	0.629798	247.167969	-90.332031
66186.478120	0.627476	6.902238	0.956742
66187.506125	0.510925	107.617187	351.074219
66187.508126	0.630231	107.617187	351.074219
66187.510129	0.628188	6.910063	1.016171
66188.568157	0.614150	237.792969	-88.574219
66188.570159	0.628126	237.792969	-88.574219
66188.574157	0.624780	6.872575	0.907879
66189.586655	0.479117	108.007812	350.585937
66189.588657	0.628790	108.007812	350.585937
66189.590658	0.627893	6.906819	1.053432
66190.654642	0.320711	240.234375	-86.132812
66190.656644	0.584963	240.234375	-86.132812
66190.662642	0.625174	240.234375	-86.132812
66190.664644	0.623899	6.862889	0.940887
66191.670650	0.351458	107.031250	350.878906
66191.672650	0.600272	107.031250	350.878906
66191.676648	0.627216	107.031250	350.878906
66191.678651	0.625692	6.882607	1.021764
66192.744648	0.475093	268.554687	-86.230469
66192.746650	0.628043	268.554687	-86.230469
66192.748650	0.627329	6.900616	0.983667
66193.751606	0.379629	109.765625	342.089844
66193.753607	0.610451	109.765625	342.089844
66193.755607	0.628087	109.765625	342.089844
66193.757607	0.626147	6.887615	1.035946
66194.833652	0.482397	268.652344	-81.445312
66194.835653	0.628961	268.652344	-81.445312
66194.839651	0.626159	6.887748	0.985347
66195.837660	0.543916	107.128906	342.285156
66195.839662	0.630071	107.128906	342.285156
66195.841663	0.627650	6.904151	1.086330
66196.923690	0.354711	285.351562	-78.320312
66196.925691	0.628275	285.351562	-78.320312
66196.927691	0.626204	6.888244	0.997896
