crossing time (s)	slope (V/s)	crossing number
281474976710655.000000	15.154452	9505	64032260096.000000
281474976710655.000000	24.011890	9506	64033357824.000000
281474976710655.000000	22.934324	9507	64034353152.000000
281474976710655.000000	18.860310	9508	64035442688.000000
281474976710655.000000	16.978468	9509	64036433920.000000
281474976710655.000000	23.149694	9510	64037527552.000000
281474976710655.000000	18.211073	9511	64038531072.000000
281474976710655.000000	21.756510	9512	64039604224.000000
281474976710655.000000	18.840183	9513	64040611840.000000
281474976710655.000000	24.128664	9514	64041697280.000000
281474976710655.000000	19.059441	9515	64042704896.000000
281474976710655.000000	20.641556	9516	64043782144.000000
281474976710655.000000	20.835779	9517	64044793856.000000
281474976710655.000000	19.362339	9518	64045862912.000000
281474976710655.000000	16.001421	9519	64046882816.000000
281474976710655.000000	21.685772	9520	64047947776.000000
281474976710655.000000	18.697014	9521	64048967680.000000
281474976710655.000000	19.620260	9522	64050036736.000000
281474976710655.000000	20.347399	9523	64051056640.000000
281474976710655.000000	20.776840	9524	64052117504.000000
281474976710655.000000	18.706371	9525	64053145600.000000
281474976710655.000000	21.099844	9526	64054202368.000000
281474976710655.000000	16.389820	9527	64055234560.000000
281474976710655.000000	23.086786	9528	64056291328.000000
281474976710655.000000	20.269827	9529	64057319424.000000
281474976710655.000000	20.380241	9530	64058376192.000000
281474976710655.000000	18.861473	9531	64059404288.000000
281474976710655.000000	22.162968	9532	64060461056.000000
281474976710655.000000	16.719006	9533	64061493248.000000
281474976710655.000000	22.417309	9534	64062550016.000000
281474976710655.000000	19.391563	9535	64063574016.000000
281474976710655.000000	21.365368	9536	64064638976.000000
281474976710655.000000	21.382236	9537	64065662976.000000
281474976710655.000000	20.667816	9538	64066727936.000000
281474976710655.000000	18.716858	9539	64067747840.000000
281474976710655.000000	24.256531	9540	64068812800.000000
281474976710655.000000	20.675037	9541	64069828608.000000
281474976710655.000000	22.956341	9542	64070905856.000000
281474976710655.000000	20.100075	9543	64071913472.000000
281474976710655.000000	23.313562	9544	64072994816.000000
281474976710655.000000	20.464588	9545	64074002432.000000
281474976710655.000000	19.629597	9546	64075079680.000000
281474976710655.000000	18.630131	9547	64076075008.000000
281474976710655.000000	24.871971	9548	64077168640.000000
281474976710655.000000	20.897890	9549	64078168064.000000
281474976710655.000000	21.607059	9550	64079257600.000000
281474976710655.000000	23.840719	9551	64080252928.000000
281474976710655.000000	19.485167	9552	64081346560.000000
281474976710655.000000	18.991741	9553	64082337792.000000
281474976710655.000000	24.048491	9554	64083431424.000000
281474976710655.000000	23.367510	9555	64084422656.000000
281474976710655.000000	21.383503	9556	64085520384.000000
281474976710655.000000	19.915909	9557	64086507520.000000
281474976710655.000000	22.802389	9558	64087605248.000000
281474976710655.000000	21.254263	9559	64088600576.000000
281474976710655.000000	22.517197	9560	64089690112.000000
281474976710655.000000	23.782864	9561	64090681344.000000
281474976710655.000000	21.930992	9562	64091779072.000000
281474976710655.000000	21.919348	9563	64092774400.000000
281474976710655.000000	21.143927	9564	64093859840.000000
281474976710655.000000	20.083025	9565	64094859264.000000
281474976710655.000000	20.779188	9566	64095948800.000000
281474976710655.000000	20.811798	9567	64096944128.000000
281474976710655.000000	23.544075	9568	64098033664.000000
281474976710655.000000	21.177444	9569	64099033088.000000
281474976710655.000000	21.200609	9570	64100118528.000000
281474976710655.000000	20.317631	9571	64101117952.000000
281474976710655.000000	22.035805	9572	64102207488.000000
281474976710655.000000	21.496813	9573	64103206912.000000
281474976710655.000000	22.828094	9574	64104292352.000000
281474976710655.000000	23.103994	9575	64105287680.000000
281474976710655.000000	22.866325	9576	64106381312.000000
281474976710655.000000	23.725433	9577	64107376640.000000
281474976710655.000000	22.972445	9578	64108466176.000000
281474976710655.000000	22.654915	9579	64109461504.000000
281474976710655.000000	23.156256	9580	64110555136.000000
281474976710655.000000	21.626390	9581	64111546368.000000
281474976710655.000000	23.304192	9582	64112640000.000000
281474976710655.000000	22.859228	9583	64113635328.000000
281474976710655.000000	20.836847	9584	64114724864.000000
281474976710655.000000	20.825554	9585	64115720192.000000
281474976710655.000000	21.868990	9586	64116813824.000000
281474976710655.000000	23.836994	9587	64117809152.000000
281474976710655.000000	23.326523	9588	64118898688.000000
281474976710655.000000	23.699501	9589	64119898112.000000
281474976710655.000000	23.324280	9590	64120983552.000000
281474976710655.000000	20.225613	9591	64121987072.000000
281474976710655.000000	25.309692	9592	64123068416.000000
281474976710655.000000	21.453957	9593	64124071936.000000
281474976710655.000000	20.909203	9594	64125149184.000000
281474976710655.000000	19.557831	9595	64126164992.000000
281474976710655.000000	21.717402	9596	64127234048.000000
281474976710655.000000	22.129751	9597	64128249856.000000
281474976710655.000000	25.318195	9598	64129318912.000000
281474976710655.000000	22.483934	9599	64130338816.000000
281474976710655.000000	26.842525	9600	64131403776.000000
281474976710655.000000	25.760517	9601	64132427776.000000
281474976710655.000000	26.789764	9602	64133488640.000000
281474976710655.000000	21.218891	9603	64134516736.000000
281474976710655.000000	21.180792	9604	64135573504.000000
281474976710655.000000	22.120783	9605	64136601600.000000
281474976710655.000000	23.806112	9606	64137662464.000000
281474976710655.000000	22.314943	9607	64138690560.000000
281474976710655.000000	24.067858	9608	64139747328.000000
281474976710655.000000	24.009274	9609	64140775424.000000
281474976710655.000000	22.357136	9610	64141832192.000000
281474976710655.000000	20.824141	9611	64142864384.000000
281474976710655.000000	23.202560	9612	64143921152.000000
281474976710655.000000	23.569942	9613	64144949248.000000
281474976710655.000000	21.958548	9614	64146006016.000000
281474976710655.000000	21.618114	9615	64147034112.000000
281474976710655.000000	23.595709	9616	64148094976.000000
281474976710655.000000	24.563231	9617	64149118976.000000
281474976710655.000000	22.584789	9618	64150183936.000000
281474976710655.000000	23.082277	9619	64151203840.000000
281474976710655.000000	25.824614	9620	64152268800.000000
281474976710655.000000	24.689102	9621	64153288704.000000
281474976710655.000000	22.411795	9622	64154357760.000000
281474976710655.000000	23.275982	9623	64155373568.000000
281474976710655.000000	27.274069	9624	64156446720.000000
281474976710655.000000	23.527409	9625	64157458432.000000
281474976710655.000000	24.863394	9626	64158535680.000000
281474976710655.000000	23.277475	9627	64159543296.000000
281474976710655.000000	24.076620	9628	64160624640.000000
281474976710655.000000	22.885807	9629	64161624064.000000
281474976710655.000000	25.286867	9630	64162709504.000000
281474976710655.000000	24.305071	9631	64163713024.000000
281474976710655.000000	24.383282	9632	64164798464.000000
281474976710655.000000	23.674959	9633	64165797888.000000
281474976710655.000000	26.951071	9634	64166887424.000000
281474976710655.000000	24.489420	9635	64167882752.000000
281474976710655.000000	26.970287	9636	64168972288.000000
281474976710655.000000	22.778749	9637	64169967616.000000
281474976710655.000000	25.212873	9638	64171061248.000000
281474976710655.000000	25.480255	9639	64172056576.000000
281474976710655.000000	22.531334	9640	64173146112.000000
281474976710655.000000	28.497707	9641	64174141440.000000
281474976710655.000000	25.616232	9642	64175230976.000000
281474976710655.000000	23.692366	9643	64176230400.000000
281474976710655.000000	23.574734	9644	64177319936.000000
281474976710655.000000	25.774712	9645	64178315264.000000
281474976710655.000000	23.362343	9646	64179404800.000000
281474976710655.000000	28.376032	9647	64180400128.000000
281474976710655.000000	25.850063	9648	64181489664.000000
281474976710655.000000	23.394758	9649	64182489088.000000
281474976710655.000000	24.942188	9650	64183574528.000000
281474976710655.000000	25.678526	9651	64184573952.000000
281474976710655.000000	23.911009	9652	64185663488.000000
281474976710655.000000	27.014166	9653	64186662912.000000
281474976710655.000000	23.689112	9654	64187748352.000000
281474976710655.000000	23.243610	9655	64188747776.000000
281474976710655.000000	24.355448	9656	64189837312.000000
281474976710655.000000	23.996094	9657	64190832640.000000
281474976710655.000000	27.539530	9658	64191922176.000000
281474976710655.000000	24.881920	9659	64192921600.000000
281474976710655.000000	25.465275	9660	64194011136.000000
281474976710655.000000	26.267918	9661	64195006464.000000
281474976710655.000000	21.405558	9662	64196096000.000000
281474976710655.000000	26.694809	9663	64197091328.000000
281474976710655.000000	26.402918	9664	64198180864.000000
281474976710655.000000	26.997316	9665	64199180288.000000
281474976710655.000000	26.322367	9666	64200269824.000000
281474976710655.000000	24.488804	9667	64201265152.000000
281474976710655.000000	26.485350	9668	64202354688.000000
281474976710655.000000	22.953585	9669	64203354112.000000
281474976710655.000000	23.839245	9670	64204439552.000000
281474976710655.000000	23.230551	9671	64205443072.000000
281474976710655.000000	27.341002	9672	64206524416.000000
281474976710655.000000	25.759512	9673	64207527936.000000
281474976710655.000000	25.226130	9674	64208609280.000000
281474976710655.000000	26.605743	9675	64209616896.000000
281474976710655.000000	27.545849	9676	64210694144.000000
281474976710655.000000	24.157469	9677	64211705856.000000
281474976710655.000000	27.777781	9678	64212779008.000000
281474976710655.000000	25.179911	9679	64213794816.000000
281474976710655.000000	29.551598	9680	64214863872.000000
281474976710655.000000	25.873127	9681	64215879680.000000
281474976710655.000000	22.834238	9682	64216948736.000000
281474976710655.000000	21.962894	9683	64217968640.000000
281474976710655.000000	25.873421	9684	64219033600.000000
281474976710655.000000	22.761444	9685	64220057600.000000
281474976710655.000000	26.412363	9686	64221118464.000000
281474976710655.000000	21.806984	9687	64222142464.000000
281474976710655.000000	25.589636	9688	64223203328.000000
281474976710655.000000	25.382524	9689	64224231424.000000
281474976710655.000000	22.710793	9690	64225292288.000000
281474976710655.000000	24.427914	9691	64226316288.000000
281474976710655.000000	24.569796	9692	64227377152.000000
281474976710655.000000	23.868441	9693	64228401152.000000
281474976710655.000000	25.692112	9694	64229466112.000000
281474976710655.000000	24.525082	9695	64230490112.000000
281474976710655.000000	24.911154	9696	64231550976.000000
281474976710655.000000	22.642967	9697	64232574976.000000
281474976710655.000000	24.037899	9698	64233639936.000000
281474976710655.000000	25.016851	9699	64234659840.000000
281474976710655.000000	24.653278	9700	64235728896.000000
281474976710655.000000	25.101976	9701	64236744704.000000
281474976710655.000000	25.080093	9702	64237813760.000000
281474976710655.000000	25.765118	9703	64238829568.000000
281474976710655.000000	28.687832	9704	64239902720.000000
281474976710655.000000	29.138065	9705	64240914432.000000
281474976710655.000000	23.184801	9706	64241987584.000000
281474976710655.000000	24.843939	9707	64242999296.000000
281474976710655.000000	27.293730	9708	64244076544.000000
281474976710655.000000	25.467192	9709	64245084160.000000
281474976710655.000000	31.874537	9710	64246165504.000000
281474976710655.000000	27.297035	9711	64247169024.000000
281474976710655.000000	25.661964	9712	64248254464.000000
281474976710655.000000	25.840883	9713	64249253888.000000
281474976710655.000000	25.026749	9714	64250339328.000000
281474976710655.000000	25.824020	9715	64251338752.000000
281474976710655.000000	28.250690	9716	64252428288.000000
281474976710655.000000	26.206036	9717	64253427712.000000
281474976710655.000000	29.591740	9718	64254513152.000000
281474976710655.000000	26.166857	9719	64255512576.000000
281474976710655.000000	25.329527	9720	64256598016.000000
281474976710655.000000	28.213171	9721	64257597440.000000
281474976710655.000000	28.194283	9722	64258686976.000000
281474976710655.000000	26.964422	9723	64259682304.000000
281474976710655.000000	25.152149	9724	64260771840.000000
281474976710655.000000	25.114372	9725	64261771264.000000
281474976710655.000000	27.569267	9726	64262860800.000000
281474976710655.000000	25.560310	9727	64263856128.000000
281474976710655.000000	25.069393	9728	64264945664.000000
281474976710655.000000	26.516985	9729	64265945088.000000
281474976710655.000000	26.370920	9730	64267030528.000000
281474976710655.000000	28.330727	9731	64268029952.000000
281474976710655.000000	24.810915	9732	64269119488.000000
281474976710655.000000	25.989494	9733	64270118912.000000
281474976710655.000000	25.321283	9734	64271204352.000000
281474976710655.000000	22.864468	9735	64272203776.000000
281474976710655.000000	28.198833	9736	64273289216.000000
281474976710655.000000	28.133324	9737	64274288640.000000
281474976710655.000000	33.358234	9738	64275378176.000000
281474976710655.000000	27.074461	9739	64276377600.000000
281474976710655.000000	28.411217	9740	64277463040.000000
281474976710655.000000	28.379444	9741	64278462464.000000
281474976710655.000000	24.527227	9742	64279547904.000000
281474976710655.000000	23.559330	9743	64280547328.000000
281474976710655.000000	29.893476	9744	64281636864.000000
281474976710655.000000	25.091194	9745	64282636288.000000
281474976710655.000000	25.527275	9746	64283721728.000000
281474976710655.000000	25.115925	9747	64284721152.000000
281474976710655.000000	26.380600	9748	64285806592.000000
281474976710655.000000	31.360632	9749	64286810112.000000
281474976710655.000000	29.197256	9750	64287891456.000000
281474976710655.000000	27.198143	9751	64288899072.000000
281474976710655.000000	29.274834	9752	64289976320.000000
281474976710655.000000	28.181257	9753	64290983936.000000
281474976710655.000000	26.347805	9754	64292061184.000000
281474976710655.000000	29.034805	9755	64293072896.000000
281474976710655.000000	28.461594	9756	64294146048.000000
281474976710655.000000	32.968250	9757	64295161856.000000
281474976710655.000000	27.967989	9758	64296230912.000000
281474976710655.000000	29.175407	9759	64297246720.000000
281474976710655.000000	25.881493	9760	64298315776.000000
281474976710655.000000	29.512899	9761	64299335680.000000
281474976710655.000000	26.899969	9762	64300404736.000000
281474976710655.000000	29.581409	9763	64301424640.000000
281474976710655.000000	25.035227	9764	64302489600.000000
281474976710655.000000	22.836060	9765	64303509504.000000
281474976710655.000000	30.890654	9766	64304574464.000000
281474976710655.000000	27.328815	9767	64305598464.000000
281474976710655.000000	26.015976	9768	64306659328.000000
281474976710655.000000	26.412529	9769	64307683328.000000
281474976710655.000000	28.986614	9770	64308748288.000000
281474976710655.000000	28.394554	9771	64309772288.000000
281474976710655.000000	28.513441	9772	64310833152.000000
281474976710655.000000	23.391291	9773	64311857152.000000
281474976710655.000000	26.430420	9774	64312918016.000000
281474976710655.000000	25.379568	9775	64313942016.000000
281474976710655.000000	27.278507	9776	64315006976.000000
281474976710655.000000	25.675089	9777	64316026880.000000
281474976710655.000000	30.753664	9778	64317091840.000000
281474976710655.000000	31.800652	9779	64318111744.000000
281474976710655.000000	31.251301	9780	64319180800.000000
281474976710655.000000	26.794044	9781	64320196608.000000
281474976710655.000000	29.107706	9782	64321269760.000000
281474976710655.000000	25.922071	9783	64322281472.000000
281474976710655.000000	30.003933	9784	64323354624.000000
281474976710655.000000	26.888031	9785	64324370432.000000
281474976710655.000000	28.167948	9786	64325443584.000000
281474976710655.000000	27.713688	9787	64326455296.000000
281474976710655.000000	31.652658	9788	64327528448.000000
281474976710655.000000	31.878172	9789	64328540160.000000
281474976710655.000000	25.831730	9790	64329617408.000000
281474976710655.000000	26.310947	9791	64330625024.000000
281474976710655.000000	27.525717	9792	64331706368.000000
281474976710655.000000	27.562275	9793	64332709888.000000
281474976710655.000000	26.127405	9794	64333791232.000000
281474976710655.000000	25.346611	9795	64334794752.000000
281474976710655.000000	27.388630	9796	64335880192.000000
