time (s)	coil I (A)	last det (V)	int current (uC)
69253.221920	0.319454	109.570312	-603.222656
69253.223921	0.342347	109.570312	-603.222656
69253.225922	0.340949	3.750439	0.988115
69254.253996	0.312122	230.078125	63.183594
69254.255998	0.342524	230.078125	63.183594
69254.257998	0.341079	3.751866	0.493683
69255.320035	0.343248	110.644531	-596.679687
69255.322036	0.342335	3.765682	0.988531
69256.336023	0.343806	241.503906	50.488281
69256.338025	0.342462	3.767082	0.738496
69257.416466	0.332332	93.847656	-616.015625
69257.418470	0.342965	93.847656	-616.015625
69257.420469	0.341681	3.758486	0.708592
69258.436490	0.341125	256.054687	41.796875
69258.438491	0.340171	3.741878	0.738823
69259.497377	0.336611	80.468750	-624.707031
69259.499379	0.342588	80.468750	-624.707031
69259.501378	0.341266	3.753922	0.623531
69260.531409	0.341885	282.031250	43.945312
69260.533412	0.340552	282.031250	43.945312
69260.535411	0.339554	3.735098	0.986495
69261.572338	0.342813	78.222656	-614.453125
69261.574341	0.341685	3.758539	0.700836
69262.626354	0.320973	269.824219	40.917969
69262.628355	0.342713	269.824219	40.917969
69262.630356	0.341401	3.755410	0.978073
69263.658347	0.307395	81.640625	-610.937500
69263.660349	0.313298	81.640625	-610.937500
69263.662350	0.341082	3.751901	0.682177
69264.726874	0.342613	269.042969	46.191406
69264.728881	0.341525	3.756775	0.963819
69265.739370	0.324062	83.886719	-617.773437
69265.741372	0.342633	83.886719	-617.773437
69265.743373	0.341315	3.754462	0.821247
69266.815451	0.342181	266.113281	49.609375
69266.817451	0.341045	3.751493	0.796325
69267.827976	0.299232	87.890625	-615.039062
69267.829979	0.342914	87.890625	-615.039062
69267.831978	0.341425	3.755676	0.852343
69268.902010	0.340351	264.453125	50.097656
69268.904010	0.342118	3.763298	0.854013
69269.924543	0.236935	88.964844	-614.746094
69269.926544	0.343459	88.964844	-614.746094
69269.928545	0.342076	3.762837	0.716097
69270.995042	0.340874	261.425781	45.312500
69270.997044	0.339894	3.738829	0.845792
69272.015519	0.343429	76.855469	-647.070312
69272.017521	0.342046	3.762509	0.734814
69273.079515	0.328468	269.140625	45.800781
69273.083516	0.340930	269.140625	45.800781
69273.085518	0.339961	3.739573	0.874347
69274.103525	0.329643	78.320312	-632.910156
69274.105527	0.331505	78.320312	-632.910156
69274.107527	0.341701	3.758716	0.711719
69275.167571	0.254288	274.609375	41.894531
69275.169576	0.343355	274.609375	41.894531
69275.171573	0.341878	3.760657	0.908635
69276.205585	0.340893	81.347656	-617.773437
69276.207587	0.339861	3.738466	0.688942
69277.250120	0.231854	285.253906	43.261719
69277.252124	0.342418	3.766595	1.032134
69278.300119	0.342013	76.171875	-642.773437
69278.302121	0.340722	3.747940	0.631608
69279.330121	0.333406	277.148437	41.894531
69279.332121	0.342452	277.148437	41.894531
69279.334122	0.341098	3.752078	0.920769
69280.394161	0.263447	95.117187	-613.476562
69280.398161	0.342025	95.117187	-613.476562
69280.400163	0.340841	3.749251	0.775565
69281.420204	0.342983	253.027344	42.187500
69281.422203	0.341456	3.756013	0.676366
69282.492181	0.331316	101.855469	-623.242187
69282.494182	0.342458	101.855469	-623.242187
69282.496181	0.341083	3.751910	0.894270
69283.499043	0.276920	244.042969	53.906250
69283.501045	0.343163	244.042969	53.906250
69283.503044	0.341677	3.758450	0.728753
69284.573081	0.335854	111.132812	-603.515625
69284.575084	0.342136	111.132812	-603.515625
69284.577085	0.340855	3.749402	1.020600
69285.601086	0.341656	237.500000	61.132812
69285.603087	0.340517	3.745688	0.690758
69286.647101	0.342797	118.554687	-579.199219
69286.651099	0.340246	3.742711	1.141012
69287.709638	0.268600	246.289062	51.074219
69287.711641	0.342939	246.289062	51.074219
69287.713640	0.341369	3.755056	0.640039
69288.727636	0.343315	105.566406	-589.648437
69288.729639	0.341844	3.760285	0.931406
69289.799659	0.338559	278.320312	47.363281
69289.801658	0.342792	278.320312	47.363281
69289.803657	0.341512	3.756634	0.857780
69290.825710	0.342075	80.566406	-627.636719
69290.827713	0.340847	3.749322	0.696781
69291.879739	0.303479	289.355469	40.625000
69291.881743	0.342494	289.355469	40.625000
69291.883741	0.341012	3.751130	0.891101
69292.929751	0.344367	85.644531	-624.414062
69292.931753	0.343039	3.773427	0.755193
69293.953721	0.343324	275.195312	40.332031
69293.955723	0.341878	3.760657	0.947057
69295.025719	0.320309	107.910156	-593.750000
69295.027721	0.342048	107.910156	-593.750000
69295.029722	0.340634	3.746974	0.829979
69296.042256	0.342597	251.269531	44.531250
69296.046257	0.341670	3.758370	0.672684
69297.116230	0.343276	121.972656	-572.070312
69297.118233	0.343196	3.775156	1.008304
69298.130246	0.304240	245.214844	56.933594
69298.132249	0.342082	245.214844	56.933594
69298.134250	0.340599	3.746593	0.706053
69299.198271	0.342877	116.992187	-587.304687
69299.200273	0.341760	3.759363	1.045085
69300.238299	0.342382	237.695312	54.003906
69300.240299	0.341123	3.752353	0.564174
69301.276305	1.896672	107.324219	-607.519531
69301.278308	0.342207	107.324219	-607.519531
69301.280308	0.340798	3.748781	1.078419
69302.334320	0.343366	244.238281	51.171875
69302.336321	0.341845	3.760293	0.641456
69303.358322	0.342891	104.492187	-610.839844
69303.360323	0.341411	104.492187	-610.839844
69303.362323	0.340229	3.742516	1.108268
69304.422390	0.338241	258.593750	50.585937
69304.424393	0.342244	3.764689	0.795677
69305.446401	0.339495	100.292969	-613.867187
69305.448402	0.343201	3.775209	0.932861
69306.522450	0.341552	268.261719	49.316406
69306.524454	0.341498	3.756474	0.737370
69307.534946	0.323322	91.699219	-631.542969
69307.536951	0.342681	91.699219	-631.542969
69307.538954	0.341344	3.754781	0.921933
69308.612958	0.343759	268.164062	43.554687
69308.614961	0.342927	3.772196	0.823494
69309.626950	0.342551	86.621094	-642.089844
69309.628952	0.341436	3.755791	0.932851
69310.696923	0.315122	272.460937	45.507812
69310.698924	0.342724	272.460937	45.507812
69310.700924	0.341287	3.754152	0.816759
69311.712943	0.326535	91.503906	-630.859375
69311.714944	0.341928	91.503906	-630.859375
69311.716944	0.340557	3.746123	0.914409
69312.786938	0.343387	273.925781	49.414062
69312.788939	0.342259	3.764849	0.801422
69313.800886	0.234572	103.613281	-604.003906
69313.802886	0.343620	103.613281	-604.003906
69313.804887	0.342196	3.764158	1.022964
69314.876895	0.343609	260.546875	46.582031
69314.878897	0.342362	3.765983	0.750490
69315.898884	0.317690	101.562500	-618.164062
69315.900886	0.342399	101.562500	-618.164062
69315.902886	0.340966	3.750625	0.950999
69316.956911	0.342966	254.882812	51.660156
69316.958913	0.341524	3.756766	0.820190
69317.989358	0.342834	124.902344	-560.644531
69317.991358	0.341281	124.902344	-560.644531
69317.993358	0.340209	3.742294	1.238249
69319.044259	0.290478	244.335937	51.953125
69319.046262	0.342908	244.335937	51.953125
69319.048261	0.341479	3.756270	0.593469
69320.081751	2.864691	115.625000	-588.769531
69320.086995	0.344073	115.625000	-588.769531
69320.088997	0.342767	3.770441	1.213948
69321.126979	0.343509	245.214844	50.976562
69321.128984	0.341972	245.214844	50.976562
69321.130987	0.340876	3.749641	0.612699
69322.191033	0.341863	110.742187	-605.566406
69322.193035	0.342704	3.769741	0.975984
69323.207069	0.342709	256.542969	46.386719
69323.209072	0.341912	3.761029	0.741331
69324.279068	0.301922	110.156250	-606.250000
69324.281070	0.343531	110.156250	-606.250000
69324.283068	0.342065	3.762713	0.981104
69325.295092	0.317125	277.246094	40.234375
69325.297094	0.342697	277.246094	40.234375
69325.301092	0.340267	3.742932	0.902933
69326.369132	0.342856	99.023437	-619.921875
69326.371133	0.342405	3.766453	0.755113
69327.393140	0.343057	298.339844	37.402344
69327.395142	0.342453	3.766985	1.060691
69328.441188	0.334431	89.355469	-625.488281
69328.443189	0.342222	89.355469	-625.488281
69328.445190	0.340893	3.749827	0.760474
69329.499197	0.343026	301.660156	38.378906
69329.501195	0.341505	3.756554	1.151117
69330.524121	0.342752	92.578125	-616.992187
69330.526123	0.341485	3.756332	0.786497
69331.596675	0.342546	288.964844	44.335937
69331.598679	0.341154	3.752690	0.877242
69332.611614	0.343918	98.828125	-622.460937
69332.613616	0.342751	3.770264	0.945577
69333.675615	0.323730	266.015625	50.878906
69333.677616	0.342729	266.015625	50.878906
69333.679616	0.341374	3.755109	0.817960
69334.707662	0.314776	109.765625	-599.609375
69334.709666	0.342555	109.765625	-599.609375
69334.711663	0.342514	3.767658	1.093481
69335.757673	0.343214	256.445312	56.054687
69335.759674	0.341635	3.757989	0.721936
69336.806215	0.343260	128.613281	-554.199219
69336.808216	0.343172	3.774890	1.244654
69337.837131	0.322200	254.589844	50.878906
69337.839134	0.342786	254.589844	50.878906
69337.841134	0.341461	3.756075	0.696155
69338.903174	0.343957	119.628906	-582.421875
69338.905176	0.342678	3.769457	1.184076
69339.917180	0.258725	269.433594	48.535156
69339.919182	0.343121	269.433594	48.535156
69339.921182	0.341522	3.756740	0.904291
69341.003229	0.341338	108.203125	-615.722656
69341.005232	0.340292	3.743216	0.964098
69342.015271	0.332257	273.242187	39.746094
69342.017270	0.342714	273.242187	39.746094
69342.019271	0.341365	3.755012	0.825429
69343.089303	0.344345	106.640625	-616.992187
69343.093304	0.341849	3.760338	0.945102
69344.105315	0.343286	284.570312	37.402344
69344.107317	0.341791	3.759700	0.926727
69345.177336	0.330175	108.105469	-606.542969
69345.179338	0.342333	108.105469	-606.542969
69345.181338	0.340965	3.750616	0.802033
69346.192261	0.260636	294.238281	36.328125
69346.194265	0.342616	294.238281	36.328125
69346.196271	0.341084	3.751919	1.121983
69347.258730	0.342235	108.691406	-600.097656
69347.260732	0.341628	3.757910	0.920222
69348.281233	0.262096	308.300781	40.332031
69348.283235	0.342860	308.300781	40.332031
69348.285236	0.341328	3.754613	1.246025
69349.347188	0.334397	107.128906	-605.175781
69349.349190	0.342186	107.128906	-605.175781
69349.351190	0.340788	3.748666	0.927502
69350.379743	0.341404	296.875000	35.058594
69350.381745	0.341964	3.761605	0.934042
69351.435726	0.313746	114.062500	-584.570312
69351.437729	0.342311	114.062500	-584.570312
69351.439727	0.340828	3.749109	0.912288
69352.467711	0.298144	294.335937	34.472656
69352.469711	0.342557	294.335937	34.472656
69352.471712	0.341086	3.751945	0.972145
69353.534141	0.343170	105.078125	-616.210937
69353.536142	0.341586	3.757449	0.846661
69354.548695	0.315001	298.437500	38.964844
69354.550696	0.342580	298.437500	38.964844
69354.552699	0.341150	3.752655	1.071794
69355.622718	0.345631	110.351562	-606.445312
69355.624720	0.345420	3.799616	0.925032
69356.638704	0.342682	286.914062	39.160156
69356.640707	0.341618	3.757803	1.011489
69357.710713	0.308494	119.238281	-586.132812
69357.712714	0.342526	119.238281	-586.132812
69357.714715	0.341071	3.751786	1.056132
69358.726710	1.397093	283.203125	46.679687
69358.728709	0.342472	283.203125	46.679687
69358.730711	0.341050	3.751546	0.926660
69359.799651	0.305663	114.843750	-595.800781
69359.803650	0.340922	114.843750	-595.800781
69359.805651	0.339883	3.738714	1.213169
69360.817653	0.342939	265.820312	47.265625
69360.819656	0.341640	3.758043	0.860331
69361.889635	0.342068	121.191406	-571.191406
69361.891639	0.341572	3.757289	1.107191
69362.913683	0.343432	262.402344	53.320312
69362.915684	0.342805	3.770858	0.767671
69363.969740	0.329085	122.656250	-561.132812
69363.971741	0.342995	122.656250	-561.132812
69363.973740	0.341751	3.759266	1.085312
69365.020683	0.342514	265.429687	48.339844
69365.022685	0.341271	3.753984	0.784038
69366.051194	0.343933	100.585937	-618.750000
69366.053197	0.344095	3.785046	1.082887
69367.115207	0.313384	284.375000	45.507812
69367.117210	0.342167	284.375000	45.507812
69367.119208	0.340719	3.747904	0.873488
69368.131239	0.326950	108.691406	-592.871094
69368.133242	0.342323	108.691406	-592.871094
69368.135243	0.340958	3.750536	1.030153
69369.206168	0.343317	307.714844	40.820312
69369.208173	0.341981	3.761791	1.057881
69370.228182	0.314543	95.703125	-620.019531
69370.230182	0.342048	95.703125	-620.019531
69370.232184	0.340574	3.746318	0.829954
69371.292686	0.277011	318.945312	34.667969
69371.294687	0.343125	318.945312	34.667969
69371.296687	0.341602	3.757626	1.048085
69372.324698	0.256660	91.796875	-639.355469
69372.326701	0.342867	91.796875	-639.355469
69372.328700	0.341289	3.754179	0.806536
69373.366727	0.343513	320.410156	36.132812
69373.368728	0.342561	3.768172	1.085449
69374.426714	0.342934	110.156250	-600.976562
69374.428716	0.342898	3.771877	0.905927
69375.449210	0.343417	307.128906	37.988281
69375.451213	0.342232	3.764548	1.065011
69376.519794	0.324294	107.714844	-617.968750
69376.521797	0.342215	107.714844	-617.968750
69376.523796	0.340860	3.749455	0.988503
69377.535841	0.334207	293.652344	43.261719
69377.537842	0.342178	293.652344	43.261719
69377.539842	0.340800	3.748799	0.950037
69378.608790	0.325949	113.085937	-598.925781
69378.610792	0.342861	113.085937	-598.925781
69378.612791	0.341556	3.757112	1.090569
69379.624741	0.332170	280.859375	48.535156
69379.628742	0.341995	280.859375	48.535156
69379.630743	0.340917	3.750084	0.893603
69380.697305	0.294829	114.550781	-585.253906
69380.699307	0.342874	114.550781	-585.253906
69380.701306	0.341357	3.754932	1.182813
69381.724200	0.342414	270.898437	48.535156
69381.726203	0.341068	3.751750	0.738004
69382.778231	0.307862	118.750000	-567.089844
69382.780233	0.342488	118.750000	-567.089844
69382.782233	0.341102	3.752123	1.276757
69383.812213	0.343003	272.558594	53.808594
69383.814214	0.341465	3.756119	0.831072
69384.866723	0.263653	121.972656	-554.589844
69384.868725	0.343546	121.972656	-554.589844
69384.872723	0.340972	3.750687	1.213476
69385.908743	0.344161	268.457031	49.414062
69385.910745	0.343177	3.774952	0.758936
69386.956835	0.340074	119.628906	-558.886719
69386.958838	0.343254	3.775794	1.157042
69387.998871	0.342251	267.285156	49.218750
69388.000873	0.340964	267.285156	49.218750
69388.002873	0.339920	3.739121	0.790588
69389.038886	0.342634	117.578125	-559.667969
69389.040889	0.341180	3.752982	1.417585
69390.086836	0.343132	274.511719	53.027344
69390.088838	0.341625	3.757874	0.839585
69391.125383	0.259730	122.656250	-548.242187
69391.127386	0.342895	122.656250	-548.242187
69391.129385	0.341377	3.755145	1.403513
69392.175412	0.343165	273.242187	51.953125
69392.177415	0.343142	3.774562	0.816602
69393.223424	0.330488	124.316406	-543.750000
69393.225427	0.342430	124.316406	-543.750000
69393.227429	0.341065	3.751715	1.202951
69394.263984	0.337900	273.242187	51.269531
69394.265987	0.343671	273.242187	51.269531
69394.267986	0.342481	3.767286	0.822083
69395.312009	0.309624	125.097656	-541.308594
69395.314011	0.342559	125.097656	-541.308594
69395.316011	0.341096	3.752052	1.300072
69396.352019	0.277175	269.628906	47.656250
69396.354022	0.281943	269.628906	47.656250
69396.356022	0.341531	3.756837	0.808302
69397.410468	0.343097	114.941406	-566.113281
69397.414467	0.340514	3.745653	1.233143
69398.432914	0.290030	275.195312	48.730469
69398.434917	0.343171	275.195312	48.730469
69398.436915	0.341739	3.759133	0.877919
69399.498957	0.341739	133.398437	-529.101562
69399.500958	0.342422	3.766639	1.340670
69400.521925	0.294504	283.105469	46.484375
69400.523927	0.342949	283.105469	46.484375
69400.525927	0.341501	3.756509	0.889009
69401.595930	0.339993	114.746094	-583.789062
69401.597931	0.343330	3.776627	1.125045
69402.613889	0.342031	296.484375	43.945312
69402.615891	0.340757	3.748329	0.898306
69403.683878	0.278478	112.695312	-600.488281
69403.685879	0.342800	112.695312	-600.488281
69403.687879	0.341258	3.753842	1.114103
69404.701869	0.342910	309.863281	37.500000
69404.703869	0.341423	3.755650	1.064948
69405.774407	0.343397	105.957031	-621.386719
69405.776409	0.342172	3.763892	0.995530
69406.798404	1.956983	318.945312	31.250000
69406.800405	0.342431	3.766737	1.094931
69407.856392	0.343921	95.312500	-645.312500
69407.858394	0.342754	3.770290	0.878877
69408.894343	0.308983	327.343750	29.589844
69408.896345	0.342759	327.343750	29.589844
69408.898344	0.341403	3.755437	1.240078
69409.934341	0.273705	95.507812	-633.593750
69409.936344	0.342945	95.507812	-633.593750
69409.938343	0.341315	3.754462	0.875366
69410.992368	0.342612	329.589844	33.105469
69410.994369	0.343089	3.773977	1.174976
69412.018382	0.342872	102.246094	-608.593750
69412.020385	0.341703	3.758734	0.953071
69413.088943	0.326926	313.085937	35.449219
69413.090944	0.342684	313.085937	35.449219
69413.092944	0.341350	3.754852	1.039163
69414.104971	0.334908	112.695312	-577.832031
69414.106973	0.341938	112.695312	-577.832031
69414.108972	0.340553	3.746078	1.158557
69415.177515	0.302292	298.632812	40.625000
69415.179518	0.342717	298.632812	40.625000
69415.181518	0.341264	3.753904	0.997481
69416.195506	0.342872	114.355469	-565.625000
69416.197509	0.341491	3.756403	1.338071
69417.259569	0.343936	285.839844	47.167969
69417.261572	0.342737	3.770104	0.840456
69418.293594	0.342337	131.542969	-518.847656
69418.295597	0.341140	3.752539	1.331152
69419.341596	0.342097	285.449219	51.757812
69419.343599	0.340715	3.747869	0.872010
69420.387608	0.300825	123.535156	-534.082031
69420.389608	0.342584	123.535156	-534.082031
69420.393607	0.340001	3.740008	1.409021
69421.427620	0.264885	278.808594	45.117187
69421.429623	0.342901	278.808594	45.117187
69421.431622	0.341327	3.754595	0.760971
69422.487691	0.343936	118.164062	-552.929687
69422.489693	0.342836	3.771194	1.283607
69423.509654	0.340628	286.328125	44.335937
69423.513654	0.340626	3.746885	0.873942
69424.581687	0.280734	128.222656	-537.011719
69424.583689	0.342773	128.222656	-537.011719
69424.585689	0.341222	3.753443	1.230302
69425.600599	0.341989	291.796875	42.578125
69425.602600	0.340739	3.748134	0.871758
69426.670590	0.274914	125.683594	-549.707031
69426.672593	0.342966	125.683594	-549.707031
69426.674593	0.341453	3.755986	1.202450
69427.686645	0.298037	301.367187	43.847656
69427.688645	0.342626	301.367187	43.847656
69427.690646	0.341104	3.752149	0.923998
69428.760644	0.339889	119.921875	-564.160156
69428.762647	0.342367	3.766036	1.182080
69429.778679	0.341714	293.066406	38.378906
69429.780680	0.340503	3.745538	0.910062
69430.850667	0.343463	130.468750	-537.695312
69430.852669	0.342059	3.762651	1.217580
69431.865198	0.335069	297.949219	40.820312
69431.867201	0.342519	297.949219	40.820312
69431.869201	0.341246	3.753709	0.992112
69432.939213	0.342999	127.832031	-539.746094
69432.941215	0.341449	3.755942	1.252488
69433.953746	0.314557	297.265625	46.679687
69433.955747	0.342357	297.265625	46.679687
69433.957748	0.340893	3.749818	0.946799
69435.028679	0.344181	116.796875	-554.492187
69435.030675	0.342920	3.772125	1.221341
69436.052658	0.342394	286.425781	44.628906
69436.054656	0.340818	3.749003	0.800726
69437.116679	0.341953	122.460937	-524.414062
69437.118681	0.342003	3.762031	1.246922
69438.140693	0.342186	285.546875	47.753906
69438.142696	0.342220	3.764415	0.871867
69439.198696	0.342809	119.531250	-528.808594
69439.200698	0.341473	119.531250	-528.808594
69439.202699	0.340477	3.745245	1.318609
69440.236737	0.294077	291.406250	50.097656
69440.238739	0.298801	291.406250	50.097656
69440.240739	0.341203	3.753230	0.897328
69441.279682	0.344405	127.539062	-515.820312
69441.281684	0.343229	3.775519	1.309948
69442.334223	0.318781	297.363281	43.066406
69442.336224	0.342770	297.363281	43.066406
69442.338224	0.341320	3.754515	1.027696
69443.358699	0.338055	113.476562	-559.082031
69443.360701	0.342169	113.476562	-559.082031
69443.362703	0.342119	3.763307	1.303473
69444.432709	0.345458	317.480469	41.503906
69444.434710	0.344046	3.784505	1.124472
69445.446705	0.279651	107.226562	-586.718750
69445.448706	0.342516	107.226562	-586.718750
69445.450709	0.340949	3.750439	1.176576
69446.520721	0.335821	334.667969	36.035156
69446.522722	0.342482	334.667969	36.035156
69446.524721	0.341185	3.753035	1.202871
69447.539631	0.341964	107.519531	-593.164062
69447.541634	0.341917	3.761091	1.227971
69448.610190	0.342858	340.722656	28.320312
69448.612193	0.342172	3.763892	1.129942
69449.634207	0.342337	110.351562	-593.066406
69449.636210	0.341544	3.756979	1.048726
69450.690761	0.341676	342.773437	27.148437
69450.692765	0.342349	3.765841	1.141554
69451.730773	0.334106	108.300781	-608.984375
69451.732774	0.342379	108.300781	-608.984375
69451.734774	0.341050	3.751555	1.049883
69452.772778	0.343474	341.015625	29.492187
69452.774779	0.342157	3.763723	1.164396
69453.827311	0.298083	109.375000	-608.789062
69453.829313	0.342451	109.375000	-608.789062
69453.831313	0.340951	3.750456	1.138399
69454.854198	0.341706	331.542969	32.324219
69454.856200	0.340472	3.745192	1.188258
69455.926193	0.343123	122.753906	-568.261719
69455.928194	0.341588	3.757467	1.122978
69456.940775	0.329240	316.406250	33.593750
69456.942776	0.342203	316.406250	33.593750
69456.944775	0.340908	3.749987	1.061685
69458.016788	0.342218	130.859375	-537.500000
69458.022789	0.339274	3.732014	1.230222
69459.029720	0.328224	307.226562	35.839844
69459.031721	0.342029	307.226562	35.839844
69459.033722	0.340644	3.747089	1.038039
69460.101690	0.219092	133.593750	-519.140625
69460.103693	0.342465	133.593750	-519.140625
69460.105693	0.341291	3.754196	1.385285
69461.118626	0.326773	309.765625	42.773437
69461.120627	0.343433	309.765625	42.773437
69461.122630	0.342154	3.763697	1.062610
69462.193585	0.342035	134.472656	-506.152344
69462.195587	0.340564	3.746202	1.353429
69463.208134	0.341543	304.199219	42.578125
69463.212131	0.341195	3.753150	1.045919
69464.284188	0.341833	132.617187	-503.320312
69464.286190	0.340684	3.747523	1.340187
69465.304722	0.325505	297.265625	40.527344
69465.306726	0.342220	297.265625	40.527344
69465.308725	0.340930	3.750235	0.854324
69466.370739	0.344292	129.785156	-506.738281
69466.372742	0.342864	3.771504	1.347585
69467.394742	0.343045	302.636719	42.773437
69467.396745	0.341540	3.756944	0.925111
69468.462774	0.342216	133.203125	-497.558594
69468.464777	0.341219	3.753407	1.376379
69469.483366	0.342282	300.878906	40.917969
69469.485368	0.341708	3.758787	0.880383
69470.547381	0.312833	138.378906	-488.085937
69470.549382	0.343002	138.378906	-488.085937
69470.551382	0.341602	3.757626	1.495528
69471.571413	0.314621	309.277344	41.992187
69471.573416	0.342307	309.277344	41.992187
69471.575415	0.340893	3.749818	0.951622
69472.644358	0.299535	119.726562	-532.910156
69472.646360	0.342290	119.726562	-532.910156
69472.648358	0.340806	3.748870	1.232026
69473.660403	0.316760	305.957031	36.132812
69473.662406	0.342329	305.957031	36.132812
69473.664406	0.340889	3.749783	0.944085
69474.733308	0.298272	119.042969	-543.945312
69474.735309	0.342781	119.042969	-543.945312
69474.737309	0.341229	3.753523	1.238840
69475.749321	0.313359	321.191406	37.500000
69475.751323	0.342355	321.191406	37.500000
69475.753323	0.340930	3.750235	1.050928
69476.827835	0.340923	126.171875	-543.750000
69476.829836	0.339924	3.739166	1.238657
69477.838370	0.319567	333.203125	35.546875
69477.842370	0.341000	333.203125	35.546875
69477.844376	0.339965	3.739618	1.099997
69478.912368	0.344156	127.148437	-553.125000
69478.914371	0.343686	3.780544	1.086856
69479.928361	0.344177	342.968750	31.152344
69479.930363	0.343039	3.773427	1.256378
69481.000376	0.312772	117.675781	-583.789062
69481.002380	0.342176	117.675781	-583.789062
69481.004380	0.340768	3.748445	1.011559
69482.026366	0.342947	353.906250	28.125000
69482.028369	0.341560	3.757156	1.250456
69483.080924	0.296260	106.640625	-611.425781
69483.082924	0.342750	106.640625	-611.425781
69483.084923	0.341294	3.754232	0.984503
69484.122964	0.343011	352.246094	24.707031
69484.124968	0.341490	3.756394	1.292999
69485.162983	0.343239	99.023437	-623.242187
69485.164985	0.342203	3.764237	0.969247
69486.223470	0.345167	353.906250	25.878906
69486.225472	0.344311	3.787421	1.261811
69487.243473	0.342481	102.343750	-601.269531
69487.245475	0.343265	3.775918	1.067287
69488.315471	0.283001	346.679687	29.589844
69488.317472	0.342878	346.679687	29.589844
69488.319473	0.341253	3.753780	1.162322
69489.333491	0.342605	100.683594	-587.695312
69489.335493	0.341135	100.683594	-587.695312
69489.337493	0.340041	3.740451	1.132571
69490.405528	0.342423	333.007812	33.886719
69490.407530	0.343688	3.780571	1.105673
69491.421564	0.343327	112.988281	-538.964844
69491.423564	0.342812	3.770937	1.250947
69492.495598	0.342662	320.800781	39.843750
69492.497599	0.341098	3.752078	0.985526
69493.518121	0.332209	121.289062	-499.023437
69493.520122	0.342034	121.289062	-499.023437
69493.522122	0.340764	3.748400	1.294381
69494.574166	0.284051	310.351562	41.601562
69494.576164	0.343040	310.351562	41.601562
69494.578166	0.341425	3.755676	0.992867
69495.608179	0.344437	135.351562	-459.179687
69495.610179	0.343038	3.773419	1.524209
69496.652632	2.683367	310.937500	46.972656
69496.657933	0.342334	310.937500	46.972656
69496.659936	0.342275	3.765026	1.076234
69497.703915	0.316110	122.167969	-478.320312
69497.705916	0.342171	122.167969	-478.320312
69497.709913	0.339687	3.736561	1.454665
69498.745952	0.343123	302.832031	41.015625
69498.747954	0.341685	3.758539	0.913118
69499.803937	0.341705	118.066406	-483.300781
69499.805940	0.340500	3.745502	1.381409
69500.833947	0.340997	306.640625	42.480469
69500.835948	0.342058	3.762642	0.850719
69501.889971	0.313320	127.539062	-471.093750
69501.891973	0.342825	127.539062	-471.093750
69501.893974	0.341436	3.755800	1.450184
69502.922008	0.301492	312.695312	44.433594
69502.924008	0.342670	312.695312	44.433594
69502.926009	0.341191	3.753097	0.876362
69503.982021	0.341988	134.863281	-459.082031
69503.984024	0.340803	3.748835	1.474755
69505.010577	0.263872	312.500000	43.750000
69505.012578	0.343152	312.500000	43.750000
69505.016577	0.340500	3.745502	0.932282
69506.068579	0.340369	129.882812	-464.355469
69506.070585	0.342321	3.765531	1.486832
69507.100612	0.339969	312.597656	44.531250
69507.102613	0.345576	312.597656	44.531250
69507.104613	0.344343	3.787776	0.884589
69508.156617	0.294028	134.570312	-451.464844
69508.158617	0.342722	134.570312	-451.464844
69508.162615	0.340101	3.741107	1.470902
69509.189169	0.320126	309.179687	42.187500
69509.191172	0.342214	309.179687	42.187500
69509.193173	0.340827	3.749092	0.996265
69510.249209	0.342134	119.238281	-466.992187
69510.251211	0.341022	3.751245	1.410221
69511.287197	0.343434	309.667969	42.089844
69511.289199	0.342711	3.769821	0.897878
69512.329267	0.343007	135.351562	-442.578125
69512.331269	0.341767	3.759434	1.541171
69513.385801	0.343982	309.960937	38.867187
69513.387801	0.342779	3.770574	0.865739
69514.417813	0.343982	125.781250	-468.359375
69514.419814	0.342740	3.770140	1.353353
69515.472316	0.312859	322.949219	38.281250
69515.474319	0.342121	322.949219	38.281250
69515.476321	0.340669	3.747355	1.097619
69516.497168	0.341982	119.238281	-499.804687
69516.499171	0.342146	3.763608	1.389049
69517.569220	0.293799	338.769531	36.132812
69517.573218	0.341419	338.769531	36.132812
69517.575220	0.340266	3.742923	1.117602
69518.585218	0.309099	120.898437	-519.140625
69518.587218	0.342493	120.898437	-519.140625
69518.589217	0.341037	3.751405	1.333190
69519.659209	0.341692	352.832031	30.273437
69519.661211	0.342330	3.765629	1.234626
69520.675217	0.342925	103.515625	-576.562500
69520.677219	0.342365	3.766010	1.173799
69521.750128	0.343517	360.839844	24.511719
69521.752129	0.342336	3.765700	1.255382
69522.774185	0.345177	98.339844	-604.003906
69522.776187	0.344109	3.785197	1.047073
69523.828194	0.315898	375.683594	24.414062
69523.830195	0.342576	375.683594	24.414062
69523.832194	0.341171	3.752876	1.436731
69524.868187	0.284216	104.492187	-600.488281
69524.870191	0.342694	104.492187	-600.488281
69524.872190	0.341141	3.752548	1.028369
69525.908187	0.241136	370.996094	23.437500
69525.910189	0.245920	370.996094	23.437500
69525.912188	0.342079	3.762864	1.483124
69526.966212	0.338613	105.273437	-599.707031
69526.970211	0.342953	105.273437	-599.707031
69526.972215	0.341975	3.761729	1.014198
69528.000216	0.342767	367.480469	25.097656
69528.002218	0.341560	3.757165	1.255255
69529.054774	0.320913	127.441406	-544.238281
69529.056776	0.342389	127.441406	-544.238281
69529.058777	0.340904	3.749942	1.210806
69530.080766	0.341975	362.500000	27.832031
69530.084766	0.339513	3.734646	1.366007
69531.151287	0.268125	124.707031	-539.257812
69531.153290	0.343120	124.707031	-539.257812
69531.155289	0.341569	3.757254	1.201058
69532.167832	0.325894	351.074219	28.125000
69532.169833	0.342009	351.074219	28.125000
69532.173830	0.339481	3.734292	1.269173
69533.241878	0.342991	132.128906	-511.523437
69533.243879	0.341797	3.759771	1.307357
69534.256427	0.301538	345.019531	30.175781
69534.258428	0.342277	345.019531	30.175781
69534.260429	0.340766	3.748427	1.222830
69535.330436	0.340775	136.230469	-490.625000
69535.332437	0.342355	3.765903	1.360766
69536.348432	0.341569	344.238281	32.226562
69536.350434	0.340282	3.743101	1.175423
69537.419031	2.510067	125.390625	-502.343750
69537.421033	0.342070	125.390625	-502.343750
69537.423034	0.340728	3.748010	1.404143
69538.435078	0.338416	338.476562	31.347656
69538.437080	0.342208	3.764291	1.187880
69539.508021	0.332708	140.527344	-471.386719
69539.512020	0.341059	140.527344	-471.386719
69539.514021	0.340054	3.740593	1.430048
69540.524051	0.338584	341.406250	32.910156
69540.526051	0.341827	3.760099	1.179704
69541.604104	0.246142	124.707031	-499.316406
69541.606106	0.342620	124.707031	-499.316406
69541.610105	0.339951	3.739458	1.259230
69542.612111	0.288504	346.289062	33.203125
69542.614114	0.343035	346.289062	33.203125
69542.616115	0.341461	3.756066	1.311375
69543.694655	0.341927	130.761719	-494.531250
69543.696657	0.341724	3.758964	1.270570
69544.703618	0.343428	345.214844	29.199219
69544.705620	0.342162	3.763785	1.305697
69545.783601	0.342455	128.222656	-507.714844
69545.785601	0.342294	3.765239	1.247615
69546.798110	0.276238	350.195312	27.343750
69546.800110	0.280647	350.195312	27.343750
69546.802110	0.341335	3.754684	1.174852
69547.872153	0.336341	115.136719	-541.503906
69547.874153	0.342973	115.136719	-541.503906
69547.876154	0.341723	3.758955	1.172643
69548.891032	0.341994	356.054687	24.511719
69548.893033	0.340885	3.749730	1.321709
69549.953025	0.338107	118.554687	-550.195312
69549.955025	0.341821	3.760028	1.268599
69550.977445	0.343086	373.046875	25.390625
69550.979446	0.342353	3.765886	1.401416
69552.041488	0.318521	114.160156	-568.164062
69552.043490	0.342584	114.160156	-568.164062
69552.045488	0.341209	3.753301	1.150376
69553.073526	0.308506	383.496094	24.023437
69553.075526	0.343055	383.496094	24.023437
69553.077528	0.341680	3.758477	1.390926
69554.123541	0.343697	109.375000	-581.347656
69554.125543	0.342234	3.764574	1.219073
69555.171967	0.343215	383.007812	21.972656
69555.173971	0.341903	383.007812	21.972656
69555.175970	0.340700	3.747700	1.412082
69556.211987	0.342997	104.492187	-584.375000
69556.213990	0.343213	3.775342	1.036348
69557.270021	0.342394	377.343750	21.191406
69557.272023	0.341079	3.751866	1.338256
69558.292064	0.323456	105.859375	-565.136719
69558.294066	0.342565	105.859375	-565.136719
69558.296066	0.341174	3.752911	1.177974
69559.356081	0.234811	377.636719	26.464844
69559.358085	0.343769	377.636719	26.464844
69559.360084	0.342414	3.766559	1.481417
69560.384114	0.343056	107.324219	-538.671875
69560.386116	0.342012	3.762137	1.188050
69561.456102	0.342771	359.765625	27.343750
69561.458105	0.341460	3.756057	1.213815
69562.470093	0.328145	120.312500	-487.011719
69562.472093	0.341895	120.312500	-487.011719
69562.474093	0.340522	3.745742	1.331701
69563.542619	0.284048	349.316406	32.714844
69563.544623	0.342934	349.316406	32.714844
69563.546621	0.341424	3.755667	1.136790
69564.560646	0.342553	116.796875	-459.375000
69564.562650	0.341049	3.751538	1.549321
69565.627066	0.341171	342.187500	38.085937
69565.629069	0.340009	3.740096	1.210929
69566.647584	0.301641	141.210937	-403.125000
69566.649586	0.342257	141.210937	-403.125000
69566.651589	0.340773	3.748507	1.620984
69567.713560	0.343662	335.449219	40.039062
69567.715560	0.343758	3.781332	1.009777
69568.746486	0.342757	137.500000	-395.605469
69568.748491	0.341158	3.752743	1.607989
69569.802491	0.341622	328.417969	37.402344
69569.804494	0.341921	3.761136	0.928554
69570.834461	0.338899	141.796875	-384.277344
69570.836464	0.342027	3.762296	1.621085
69571.883377	0.342334	329.687500	37.500000
69571.885377	0.341824	3.760063	1.120490
69572.933355	0.342828	135.058594	-395.703125
69572.937355	0.340385	3.744235	1.513279
69573.971896	0.338081	331.835937	40.332031
69573.973897	0.343606	331.835937	40.332031
69573.975897	0.342415	3.766568	1.047109
69575.019937	0.311353	132.910156	-389.843750
69575.021937	0.342249	132.910156	-389.843750
69575.023937	0.340726	3.747984	1.615426
69576.059956	0.280296	334.765625	42.480469
69576.061958	0.342242	334.765625	42.480469
69576.063959	0.340723	3.747948	1.072202
69577.109971	0.344335	128.320312	-389.941406
69577.111972	0.343490	3.778390	1.595698
69578.150013	0.343720	332.226562	38.183594
69578.152013	0.345404	3.799447	1.117432
69579.198036	0.323149	129.101562	-389.648437
69579.200040	0.342667	129.101562	-389.648437
69579.202036	0.341295	3.754241	1.589995
69580.246053	0.279047	335.546875	39.062500
69580.248056	0.342936	335.546875	39.062500
69580.250055	0.341441	3.755854	1.059264
69581.288030	0.343713	126.562500	-395.507812
69581.290031	0.342415	3.766568	1.482774
69582.338091	0.343397	339.648437	38.964844
69582.340094	0.342228	3.764503	1.113980
69583.368673	0.342613	133.789062	-394.238281
69583.370675	0.341433	3.755765	1.620806
69584.433195	0.338766	346.093750	36.035156
69584.435197	0.341873	3.760604	1.093719
69585.459231	0.341735	125.000000	-422.851562
69585.461234	0.340402	3.744421	1.500085
69586.523222	0.342704	355.957031	32.324219
69586.527224	0.340089	355.957031	32.324219
69586.529225	0.339283	3.732111	1.272211
69587.545252	0.290092	112.402344	-465.625000
69587.547253	0.342638	112.402344	-465.625000
69587.549253	0.341166	3.752823	1.393016
69588.621312	0.341739	371.289062	28.417969
69588.623314	0.340400	3.744395	1.219172
69589.635869	0.344211	108.300781	-503.906250
69589.637870	0.342788	3.770663	1.311911
69590.707911	0.327530	380.175781	23.046875
69590.709913	0.341984	380.175781	23.046875
69590.711912	0.340604	3.746646	1.278153
69591.724013	0.337465	107.031250	-531.152344
69591.726015	0.341682	3.758503	1.290996
69592.788933	0.339019	393.164062	20.898437
69592.790934	0.344766	393.164062	20.898437
69592.792936	0.343581	3.779392	1.511290
69593.820932	0.331610	107.617187	-548.242187
69593.822934	0.343591	107.617187	-548.242187
69593.824933	0.342280	3.765079	1.167252
69594.876979	0.279785	399.218750	19.921875
69594.878980	0.342717	399.218750	19.921875
69594.880980	0.341071	3.751777	1.396166
69595.918989	0.344011	115.820312	-541.015625
69595.920990	0.342639	3.769032	1.122496
69596.957959	0.298736	395.703125	18.457031
69596.959960	0.302559	395.703125	18.457031
69596.961961	0.340563	3.746194	1.504858
69598.007969	0.344287	116.796875	-538.281250
69598.009970	0.342945	3.772391	1.291537
69599.049973	0.341610	387.792969	18.457031
69599.051977	0.340412	3.744528	1.312531
69600.104024	0.322236	121.679687	-522.851562
69600.106026	0.342085	121.679687	-522.851562
69600.108027	0.340611	3.746725	1.238817
69601.128038	0.323213	386.425781	20.898437
69601.130040	0.342320	386.425781	20.898437
69601.132038	0.340856	3.749419	1.481296
69602.204094	0.342924	116.210937	-515.722656
69602.206094	0.341783	3.759611	1.171874
69603.216108	0.242846	387.207031	24.218750
69603.218110	0.343377	387.207031	24.218750
69603.220109	0.341904	3.760941	1.487042
69604.290121	0.320379	118.164062	-499.511719
69604.292124	0.341739	118.164062	-499.511719
69604.294123	0.340359	3.743952	1.320427
69605.306586	0.341322	373.242187	22.851562
69605.308588	0.341910	3.761011	1.384627
69606.380556	0.342999	131.250000	-467.187500
69606.382557	0.341390	3.755295	1.381966
69607.395059	0.330015	372.851562	24.121094
69607.397068	0.342108	372.851562	24.121094
69607.399071	0.340787	3.748657	1.348577
69608.469102	0.342942	131.250000	-463.671875
69608.471102	0.341585	3.757431	1.391603
69609.483632	0.307582	373.925781	24.902344
69609.485639	0.313112	373.925781	24.902344
69609.487637	0.340766	3.748427	1.353355
69610.557650	0.341609	122.753906	-470.312500
69610.559651	0.342365	3.766010	1.439353
69611.573694	0.342534	380.859375	26.855469
69611.575696	0.341613	3.757741	1.359618
69612.645702	0.304587	125.195312	-467.968750
69612.647703	0.342395	125.195312	-467.968750
69612.651703	0.339766	3.737429	1.444800
69613.663748	0.342788	382.617187	25.781250
69613.665749	0.341488	3.756368	1.417086
69614.736267	0.344350	123.828125	-479.003906
69614.738271	0.342918	3.772098	1.421913
69615.750297	0.289678	382.910156	21.875000
69615.752301	0.342084	382.910156	21.875000
69615.754299	0.342012	3.762128	1.617533
69616.825189	0.343399	119.628906	-494.726562
69616.827190	0.341759	119.628906	-494.726562
69616.829190	0.340653	3.747186	1.429455
69617.847215	0.265301	390.039062	20.898437
69617.849216	0.342635	390.039062	20.898437
69617.851216	0.341007	3.751077	1.415151
69618.913264	0.450927	120.312500	-512.792969
69618.915268	0.460978	120.312500	-512.792969
69618.917268	0.637677	7.014443	1.203381
69619.961285	0.365916	457.910156	-11.132812
69619.963285	0.612287	457.910156	-11.132812
69619.965286	0.637392	457.910156	-11.132812
69619.967287	0.635214	6.987351	0.219049
69621.083346	0.328908	452.734375	26.855469
69621.085347	0.594994	452.734375	26.855469
69621.087348	0.636971	452.734375	26.855469
69621.089349	0.634610	6.980705	1.621086
69622.289355	0.576788	99.707031	-621.289062
69622.291358	0.637765	99.707031	-621.289062
69622.293357	0.635285	6.988132	0.989220
69623.347399	0.637874	312.109375	35.839844
69623.349401	0.636758	7.004340	0.941502
69624.353947	0.594736	122.070312	-551.171875
69624.355948	0.637829	122.070312	-551.171875
69624.357949	0.635390	6.989292	1.471844
69625.419969	0.637947	324.121094	40.429687
69625.421971	0.636819	7.005005	1.593294
69626.434500	0.576071	139.843750	-477.441406
69626.436502	0.638249	139.843750	-477.441406
69626.440500	0.634169	6.975857	1.620849
69627.500501	0.634974	296.582031	51.464844
69627.502505	0.636625	296.582031	51.464844
69627.504506	0.634730	6.982034	1.621027
69628.538548	0.404053	142.382812	-470.605469
69628.540551	0.625132	142.382812	-470.605469
69628.542551	0.636850	142.382812	-470.605469
69628.544552	0.634779	6.982565	1.620695
69629.586511	0.310083	293.457031	53.417969
69629.588513	0.585187	293.457031	53.417969
69629.590513	0.637923	293.457031	53.417969
69629.592514	0.635447	6.989921	1.210608
69630.643440	0.335276	128.320312	-533.593750
69630.645442	0.598898	128.320312	-533.593750
69630.647442	0.638145	128.320312	-533.593750
69630.649443	0.635803	6.993830	1.620650
69631.659441	0.361767	299.023437	53.515625
69631.661441	0.610590	299.023437	53.515625
69631.663442	0.637125	299.023437	53.515625
69631.665440	0.634949	6.984436	1.617546
69632.733458	0.491753	139.941406	-512.109375
69632.735459	0.637457	139.941406	-512.109375
69632.737461	0.636114	6.997259	1.620726
