num crossings	time (s)	maj axis (mm)	min axis (mm)	theta (rad )	slope (V/s)
65467	69250.909508	66.488129	17.465721	-0.254548	71.862730
65469	69253.011522	66.521285	17.321652	-0.241376	65.884093
65471	69255.112156	68.000860	17.218501	-0.256611	71.987918
65473	69257.204031	67.893064	17.115203	-0.233504	75.065904
65475	69259.286426	66.930941	17.207072	-0.252358	77.264725
65477	69261.362792	67.030023	16.741008	-0.240917	78.595381
65479	69263.447318	67.284630	17.299373	-0.239403	71.499522
65481	69265.534342	66.413204	17.288726	-0.225805	78.276497
65483	69267.622912	66.646452	17.267674	-0.226926	77.087542
65485	69269.713549	66.731013	16.950338	-0.231461	75.142675
65487	69271.803008	67.032240	13.385233	-0.174344	74.481291
65489	69273.894330	66.331659	16.810348	-0.233708	75.555738
65491	69275.988378	66.605913	16.920687	-0.229513	75.646006
65493	69278.085666	72.998733	15.892150	-0.223361	77.722087
65495	69280.186272	66.355901	17.133437	-0.221556	77.064961
65497	69282.280386	67.237024	18.057712	-0.182052	75.757840
65499	69284.363614	67.523886	16.637463	-0.210542	66.027093
65501	69286.440220	69.313562	24.613299	-0.168491	65.036262
65503	69288.518590	65.439669	16.709492	-0.229491	68.620067
65505	69290.612916	65.247055	16.411128	-0.225781	71.011228
65507	69292.716083	66.005024	16.190181	-0.218624	76.690306
65509	69294.817540	66.614814	17.322310	-0.211236	70.558082
65511	69296.907209	67.836972	14.280722	-0.187403	70.719438
65513	69298.987056	65.313052	16.632118	-0.211027	70.373794
65515	69301.068998	64.649541	16.110792	-0.214382	62.814085
65517	69303.151007	66.265007	16.216839	-0.213691	69.807462
65519	69305.238172	69.931976	16.942430	-0.168262	69.666782
65521	69307.325351	65.633060	16.270775	-0.198436	68.961684
65523	69309.415389	71.825630	13.961936	-0.138190	73.796114
65525	69311.505873	66.069876	16.571226	-0.199081	69.484189
65527	69313.596199	64.662703	16.899860	-0.180330	73.246292
65529	69315.687448	66.235094	16.833836	-0.174136	71.078106
65531	69317.781699	65.453168	16.629329	-0.178168	69.559680
65533	69319.879360	65.298905	16.117346	-0.192586	68.844918
65535	69321.977896	65.537574	16.237059	-0.199479	67.956988
65537	69324.071491	66.145974	16.097166	-0.181253	73.022116
65539	69326.156276	65.670005	16.469164	-0.180888	72.345584
65541	69328.235768	64.934465	16.277221	-0.182351	74.157812
65543	69330.313900	64.645308	10.076415	-0.116416	73.169862
65545	69332.400654	71.297616	15.632859	-0.184983	75.639156
65547	69334.497891	64.995038	16.187004	-0.173469	68.212706
65549	69336.597752	64.139775	22.980586	-0.157233	65.602305
65551	69338.695139	64.986270	16.212106	-0.184390	68.843906
65553	69340.787497	66.276823	16.285023	-0.175613	68.301835
65555	69342.877225	65.012358	15.995933	-0.171089	74.857780
65557	69344.964891	65.840806	16.075230	-0.159274	74.356298
65559	69347.051269	65.697297	15.955637	-0.164579	76.681707
65561	69349.140223	65.687421	16.046022	-0.166323	71.896970
65563	69351.229816	65.087018	16.169356	-0.155268	73.955514
65565	69353.321704	65.344539	15.739485	-0.159767	73.592094
65567	69355.413643	65.287420	15.561029	-0.158452	74.436921
65569	69357.505308	62.378099	15.729396	-0.180803	69.892503
65571	69359.594197	65.655353	15.774675	-0.145608	70.944401
65573	69361.679377	67.273751	20.500309	-0.148604	65.645599
65575	69363.759916	64.873428	15.737037	-0.149950	68.897781
65577	69365.838443	67.820311	21.573756	-0.146103	66.470552
65579	69367.923911	64.815537	15.361308	-0.157411	67.603837
65581	69370.015996	64.805949	15.359094	-0.166534	70.316498
65583	69372.114540	64.454996	15.787553	-0.147723	72.620630
65585	69374.215030	70.552997	15.823564	-0.106446	75.081621
65587	69376.310131	64.565726	15.832554	-0.147908	74.204597
65589	69378.400673	65.167511	15.476640	-0.130673	69.147152
65591	69380.487703	65.128400	15.447400	-0.133408	68.953282
65593	69382.573107	64.896956	15.896150	-0.124974	69.349290
65595	69384.658130	64.441293	15.779379	-0.128499	66.915864
65597	69386.745018	64.305605	20.870475	-0.134628	63.489203
65599	69388.831901	65.642301	15.271411	-0.132123	65.803725
65601	69390.921647	62.493318	15.075990	-0.141886	67.850686
65603	69393.012501	64.738309	15.621812	-0.123653	66.643424
65605	69395.105265	64.356822	15.281352	-0.129269	64.490500
65607	69397.197897	64.387057	15.183596	-0.127234	68.508143
65609	69399.291004	64.679167	15.371685	-0.129474	67.266384
65611	69401.384738	63.871350	15.736362	-0.124337	67.979973
65613	69403.475817	64.589830	15.212400	-0.114752	72.415284
65615	69405.563671	63.572697	18.356782	-0.078870	71.278056
65617	69407.644781	71.910383	14.758624	-0.125547	71.118802
65619	69409.726510	64.742326	15.566721	-0.113385	70.719254
65621	69411.806957	60.833993	14.399566	-0.067303	72.536153
65623	69413.894795	64.022109	15.572706	-0.104850	71.492514
65625	69415.987878	63.311581	14.604620	-0.106884	69.097162
65627	69418.083972	69.371153	13.905645	-0.131429	66.201412
65629	69420.181980	63.657110	15.006914	-0.108804	67.260396
65631	69422.276802	64.074444	15.068099	-0.105641	66.160522
65633	69424.370409	63.848120	15.074433	-0.099654	69.875187
65635	69426.461058	64.230907	15.061128	-0.101410	73.161554
65637	69428.550720	64.492557	14.899482	-0.097147	68.773283
65639	69430.641149	70.273399	14.609769	-0.119278	65.460238
65641	69432.729601	65.081530	15.236735	-0.094344	65.484728
65643	69434.818213	64.513216	14.483142	-0.097494	68.151201
65645	69436.905308	68.976159	14.113319	-0.117178	67.959881
65647	69438.987503	63.341234	15.059987	-0.093734	67.603936
65649	69441.069250	64.684821	14.862631	-0.093825	65.255418
65651	69443.152175	64.008496	14.787992	-0.094094	65.881870
65653	69445.238648	63.530843	14.237407	-0.106185	66.277895
65655	69447.330659	63.431192	15.092286	-0.089139	69.754649
65657	69449.426835	69.094038	14.272188	-0.103577	72.092202
65659	69451.525904	63.565951	14.906924	-0.082345	72.733408
65661	69453.622666	63.236965	15.394709	-0.060855	69.988529
65663	69455.716408	66.560812	10.004289	-0.042471	69.307181
65665	69457.806600	63.589040	14.621659	-0.076239	69.383794
65667	69459.895800	63.447300	14.991623	-0.076399	65.463838
65669	69461.984901	63.957727	14.505723	-0.062943	66.145429
65671	69464.072893	69.171696	14.014526	-0.099192	69.044941
65673	69466.161758	62.693510	15.004210	-0.074619	71.422728
65675	69468.251439	69.518977	13.978866	-0.099370	64.181102
65677	69470.341912	63.434388	14.555310	-0.068489	66.218577
65679	69472.432594	63.586106	14.527643	-0.069073	66.863824
65681	69474.523919	63.294311	14.582824	-0.067466	67.573342
65683	69476.613359	63.844580	14.719767	-0.062518	67.322555
65685	69478.701487	62.427325	14.823552	-0.060845	67.658927
65687	69480.788077	62.684042	14.276341	-0.063533	66.133651
65689	69482.871329	63.620477	14.621084	-0.056589	69.200836
65691	69484.953144	53.619835	13.994097	-0.053175	68.583916
65693	69487.036136	67.962783	13.773248	-0.070136	66.103166
65695	69489.121938	62.920320	14.728026	-0.046096	69.082809
65697	69491.212426	67.631972	10.933233	0.000440	67.509836
65699	69493.305507	62.594322	14.367629	-0.050147	68.527014
65701	69495.400453	63.332159	14.138421	-0.044607	64.552895
65703	69497.496367	62.642870	14.511332	-0.050279	67.780367
65705	69499.589404	65.636138	19.489788	-0.028131	66.507672
65707	69501.681353	62.625646	14.311008	-0.045451	65.741934
65709	69503.771824	63.405624	14.225381	-0.039183	67.379523
65711	69505.861466	62.576222	14.726388	-0.037997	64.710542
65713	69507.949987	62.962303	14.535503	-0.042691	65.722733
65715	69510.036073	63.049205	13.992117	-0.038676	66.643272
65717	69512.121021	67.473897	13.576564	-0.073734	64.820554
65719	69514.204833	67.287891	13.621771	-0.074614	64.381539
65721	69516.289506	63.754464	14.312465	-0.032422	62.754423
65723	69518.375774	62.095814	13.931029	-0.033728	67.792003
65725	69520.465862	64.817599	10.017725	0.023837	70.949550
65727	69522.560205	66.721670	13.311522	-0.050322	71.601209
65729	69524.656561	62.013356	14.201838	-0.024530	72.590259
65731	69526.754559	60.533267	14.006982	-0.013684	68.306086
65733	69528.848906	62.196918	14.394921	-0.004018	67.797840
65735	69530.942127	61.244567	14.513146	-0.004287	68.537512
65737	69533.034210	62.514528	13.691689	-0.017721	67.017542
65739	69535.122826	62.786391	14.092354	-0.015107	66.023925
65741	69537.213311	62.856478	14.037498	-0.019540	65.070525
65743	69539.303176	58.326510	13.892583	-0.021142	66.914539
65745	69541.392706	62.413022	14.052739	-0.009411	65.599157
65747	69543.482040	62.825234	13.939907	-0.013345	66.592456
65749	69545.571337	68.321059	13.296887	-0.041707	65.628605
65751	69547.659813	62.391462	13.911548	-0.011020	65.786427
65753	69549.747628	55.544466	15.680736	0.022652	66.572807
65755	69551.833413	63.313144	13.719420	-0.002676	65.634256
65757	69553.917338	62.481179	13.873310	-0.003202	66.778931
65759	69556.000739	62.895886	13.759104	0.000846	67.671276
65761	69558.084050	62.406362	13.875319	-0.002355	69.964064
65763	69560.169424	62.275502	13.407712	0.003832	68.369729
65765	69562.258882	62.195899	13.871991	-0.000452	67.172282
65767	69564.350715	62.068929	13.361935	0.005895	65.664343
65769	69566.443436	62.015836	13.751164	0.004834	65.840155
65771	69568.537927	60.995464	18.325806	0.024718	63.466097
65773	69570.629623	66.659951	12.867300	-0.035887	64.494055
65775	69572.723570	66.341356	13.067534	-0.033146	66.725341
65777	69574.812833	61.657217	13.725313	0.009786	63.235129
65779	69576.902319	62.486524	13.446463	0.018985	60.315512
65781	69578.990005	61.515430	13.591860	0.010330	64.590611
65783	69581.076946	61.801999	13.370701	0.010939	65.769465
65785	69583.162835	66.384411	12.934562	-0.023510	64.533364
65787	69585.248372	66.304160	12.956968	-0.025650	61.072417
65789	69587.335505	61.673471	13.293302	0.016150	64.052873
65791	69589.423895	62.743091	9.534175	0.078399	65.907372
65793	69591.515407	62.745508	13.529550	0.026637	71.075254
65795	69593.609963	61.522446	13.332923	0.024818	67.309939
65797	69595.706222	61.759708	13.367644	0.024404	66.305319
65799	69597.801402	61.629232	13.436247	0.033562	68.456263
65801	69599.895996	62.367504	13.224298	0.026087	65.733487
65803	69601.988841	62.034481	13.178932	0.033576	67.364412
65805	69604.080562	61.904060	13.491881	0.032252	65.103566
65807	69606.170708	64.262428	9.157917	0.060749	63.974185
65809	69608.260719	62.359050	13.461376	0.035978	64.803953
65811	69610.350078	62.370987	13.440329	0.039272	68.045391
65813	69612.439574	61.924699	13.073343	0.034771	66.552706
65815	69614.528432	62.468098	7.819180	0.078366	67.882054
65817	69616.616154	61.675288	13.213153	0.039028	63.595341
65819	69618.702675	61.457276	13.268831	0.039752	68.424859
65821	69620.864863	17.154517	10.245607	1.274300	40.234594
65823	69623.118284	62.976050	1.541586	2.654556	88.952125
65825	69625.210347	63.558106	1.625851	2.657104	69.887878
65827	69627.292464	64.261821	1.222851	2.656909	65.832682
65829	69629.376792	65.184522	-2.583673	2.684347	61.652420
65831	69631.454838	69.135453	1.996125	2.685899	53.776842
