num crossings	time (s)	maj axis (mm)	min axis (mm)	theta (rad )	slope (V/s)
61237	64685.357648	70.127792	9.086002	0.479491	77.480872
61239	64687.448017	69.252585	7.029140	0.513797	81.442295
61241	64689.528042	69.524549	13.468576	0.454583	82.330688
61243	64691.607024	70.152905	8.227824	0.456703	79.572926
61245	64693.691542	68.905751	8.570142	0.452524	78.642512
61247	64695.780842	70.220856	6.070099	0.506703	77.050978
61249	64697.874369	56.227700	0.003912	0.543374	78.062737
61251	64699.967267	69.843578	8.198650	0.470089	76.879643
61253	64702.059135	70.203879	8.193586	0.469837	75.177651
61255	64704.147709	70.179358	8.426583	0.471974	77.627433
61257	64706.234323	68.847188	6.277599	0.519577	77.756473
61259	64708.320839	86.629167	-0.344410	0.502685	76.864444
61261	64710.409115	69.944184	8.243492	0.470742	79.597832
61263	64712.501443	69.455200	8.517944	0.461376	80.340683
61265	64714.599808	66.503144	6.193041	0.509562	80.192410
61267	64716.699980	69.308564	6.168439	0.534025	82.523260
61269	64718.795505	67.512792	10.368917	0.485581	83.644414
61271	64720.881036	70.930559	8.646016	0.478767	77.421098
61273	64722.959308	70.978472	8.378350	0.480459	78.484840
61275	64725.038830	70.317288	8.074138	0.478911	74.566781
61277	64727.127990	69.663220	8.067773	0.474360	76.715408
61279	64729.225022	69.365401	8.045576	0.470784	79.143616
61281	64731.324341	70.169840	8.256580	0.478930	81.022645
61283	64733.420761	70.244247	8.327297	0.482011	79.552617
61285	64735.513316	70.164642	8.481273	0.486979	81.413014
61287	64737.603082	70.708594	8.602956	0.492906	79.676519
61289	64739.691795	70.093316	8.893252	0.487133	79.022127
61291	64741.781293	70.517254	8.330569	0.492243	79.325632
61293	64743.871134	70.807941	9.393120	0.500822	75.165716
61295	64745.961932	70.147978	8.803057	0.500523	79.000296
61297	64748.053614	70.236319	8.415028	0.497536	73.814429
61299	64750.142717	70.476166	8.520082	0.500720	78.829203
61301	64752.230142	70.397050	8.726400	0.495270	77.951615
61303	64754.313944	71.070383	8.428750	0.492962	80.238407
61305	64756.394748	70.848635	8.139530	0.473799	81.858883
61307	64758.476284	70.061499	7.668893	0.471882	80.738936
61309	64760.564623	69.132088	7.767968	0.472576	78.122006
61311	64762.659274	69.808163	5.771625	0.522037	81.402351
61313	64764.760011	63.568520	0.775065	0.536510	76.628365
61315	64766.858475	69.804230	8.324253	0.502503	76.804631
61317	64768.950909	68.814488	9.790696	0.521921	78.630764
61319	64771.037627	69.457486	5.938172	0.540815	81.095093
61321	64773.121498	71.431002	8.385499	0.493654	80.233731
61323	64775.204565	70.827632	7.911102	0.485791	78.446951
61325	64777.289148	70.566263	7.820694	0.476626	80.470062
61327	64779.375815	70.403007	8.130493	0.477544	76.993768
61329	64781.463697	69.846363	7.977562	0.479270	80.810542
61331	64783.553453	69.671401	8.381139	0.478434	77.755781
61333	64785.643142	71.059369	9.573079	0.493626	77.628575
61335	64787.733645	69.557499	7.830883	0.488562	76.513921
61337	64789.826147	69.567498	8.029305	0.487126	81.249225
61339	64791.920234	69.344884	8.410480	0.491214	77.619951
61341	64794.015484	69.916660	8.227970	0.493474	83.379971
61343	64796.110966	68.887368	6.057139	0.537362	80.452452
61345	64798.206471	70.077849	8.332799	0.502660	76.741100
61347	64800.297457	70.300445	8.340674	0.504929	77.907456
61349	64802.384086	70.869102	8.135894	0.503249	73.499275
61351	64804.465042	70.416799	8.070455	0.503846	76.145642
61353	64806.545478	69.768628	8.213124	0.496330	73.904039
61355	64808.629753	69.884912	7.823225	0.500174	75.598893
61357	64810.719131	69.564408	7.704930	0.493526	78.775090
61359	64812.813774	69.555643	8.198194	0.495176	77.413089
61361	64814.909685	70.249667	7.914775	0.497357	78.575737
61363	64817.004511	70.617323	8.626579	0.500684	77.915138
61365	64819.098079	70.032925	8.076246	0.512625	78.004242
61367	64821.189830	70.645653	8.802431	0.511884	80.858913
61369	64823.280476	70.083901	8.333381	0.514137	79.059296
61371	64825.369760	70.065252	8.269635	0.514035	81.022273
61373	64827.457868	70.782560	8.893892	0.521042	75.209739
61375	64829.544440	66.770206	5.921994	0.561781	79.403744
61377	64831.629532	67.762526	10.008542	0.513940	79.196454
61379	64833.713795	69.414285	8.141859	0.495516	77.727403
61381	64835.798651	69.481678	9.317351	0.501345	76.816717
61383	64837.885908	69.823804	7.911326	0.491656	72.650746
61385	64839.978267	66.583932	5.897477	0.544196	77.076248
61387	64842.075568	68.055165	5.806061	0.555607	73.648195
61389	64844.174139	69.971796	8.000845	0.519837	78.849519
61391	64846.270370	69.707466	8.245642	0.520509	78.400436
61393	64848.363757	69.506935	8.297849	0.531564	76.101182
61395	64850.452379	69.161211	8.729692	0.528262	76.656989
61397	64852.539042	68.922775	6.205887	0.568054	78.615381
61399	64854.625012	67.288071	11.591669	0.503461	78.663035
61401	64856.711802	69.964368	8.243368	0.513509	76.461804
61403	64858.798988	69.831770	8.056387	0.513497	74.186988
61405	64860.887408	69.889383	8.222739	0.513633	81.662171
61407	64862.977203	70.470213	7.981945	0.512210	78.159043
61409	64865.068085	68.571996	5.967750	0.579896	76.507206
61411	64867.159652	64.445311	9.565398	0.547927	77.284778
61413	64869.252387	69.823929	8.231829	0.519167	79.755866
61415	64871.346125	69.425419	8.365919	0.520592	81.402633
61417	64873.438674	66.784979	5.570532	0.562499	79.765333
61419	64875.530091	72.174058	10.778493	0.534954	75.978835
61421	64877.619195	70.184352	8.664265	0.526865	75.886489
61423	64879.704433	69.692419	8.134686	0.521715	73.628916
61425	64881.787295	69.349158	8.103407	0.525727	73.426202
61427	64883.870068	69.634752	9.091992	0.534781	75.624829
61429	64885.953791	69.838088	7.647607	0.521215	74.393412
61431	64888.041205	69.022926	7.727898	0.517469	74.660009
61433	64890.131887	69.113376	7.577528	0.517692	76.950347
61435	64892.224749	69.242772	8.532557	0.522153	77.154038
61437	64894.318665	68.064960	5.779253	0.570421	77.000453
61439	64896.411181	69.394869	7.796495	0.517835	81.012482
61441	64898.502863	69.280690	5.595436	0.568814	80.889980
61443	64900.593313	56.246124	12.977095	0.550801	79.346018
61445	64902.682310	69.034223	7.575444	0.521003	78.430269
61447	64904.770049	69.678473	7.978008	0.522549	78.111865
61449	64906.856248	69.889627	7.751986	0.519179	78.481619
61451	64908.942305	67.240004	5.390828	0.577988	80.888194
61453	64911.029048	70.577548	10.460325	0.534914	77.835125
61455	64913.118341	68.576172	7.833317	0.513789	75.933745
61457	64915.210588	68.589053	7.698887	0.516514	75.525378
61459	64917.305895	65.646221	5.405758	0.571782	74.410084
61461	64919.403246	73.595310	4.380045	0.564652	74.861821
61463	64921.499820	69.313474	7.891493	0.538196	76.259875
61465	64923.594081	68.343416	5.619321	0.576839	76.334657
61467	64925.685476	63.103987	7.091612	0.555227	75.606992
61469	64927.774604	68.737367	8.294884	0.544704	76.400709
61471	64929.862975	69.188797	8.281787	0.541761	76.370170
61473	64931.951516	63.268027	5.791856	0.594247	76.104123
61475	64934.040023	77.974771	13.252099	0.544993	77.668746
61477	64936.129346	68.607073	5.331822	0.573229	78.205610
61479	64938.219288	69.227925	5.364761	0.570874	79.201101
61481	64940.310311	66.974395	10.568253	0.536412	81.441048
61483	64942.401765	69.452515	8.225153	0.544365	81.490391
61485	64944.492517	69.878191	7.992279	0.544282	77.327919
61487	64946.583102	69.462943	8.128327	0.546354	77.330053
61489	64948.672083	69.492038	8.260507	0.542265	75.956438
61491	64950.759610	69.543550	5.084398	0.578640	75.914487
61493	64952.844234	95.978260	2.449351	0.557341	75.139760
61495	64954.927406	69.539704	7.734804	0.544937	74.224088
61497	64957.011137	69.079273	8.161629	0.537671	72.827519
61499	64959.096008	69.749890	7.421092	0.538947	72.436180
61501	64961.184459	69.999699	5.474114	0.579574	75.966034
61503	64963.273292	104.833020	5.016708	0.571954	81.131817
61505	64965.365048	68.916970	7.631190	0.534993	77.758871
61507	64967.457366	69.159982	7.449753	0.529690	76.240817
61509	64969.547741	69.435883	7.614010	0.532496	79.112255
61511	64971.639592	69.673289	8.640862	0.541135	76.235473
61513	64973.730422	69.467577	8.778285	0.545035	79.372187
61515	64975.818937	69.155022	7.751768	0.538877	78.130617
61517	64977.906739	68.728763	7.605428	0.539344	79.576186
61519	64979.994411	69.399840	7.842277	0.539234	76.647774
61521	64982.082583	69.196530	7.559578	0.535960	75.361378
61523	64984.172384	69.091429	7.576378	0.536566	77.370329
61525	64986.264596	65.024722	5.144517	0.580935	73.836049
61527	64988.357937	69.060284	7.908493	0.544263	76.975129
61529	64990.454349	69.147150	7.672539	0.549703	73.234365
