num crossings	time (s)	maj axis (mm)	min axis (mm)	theta (rad )	slope (V/s)
62735	66265.402399	64.467760	16.747885	-0.654050	66.006468
62737	66267.501143	62.666985	12.315024	-0.690930	63.757227
62739	66269.610452	65.686353	13.572359	-0.666189	62.691324
62741	66271.699436	65.935427	11.291578	-0.645966	66.026283
62743	66273.772062	65.920539	11.653538	-0.651712	62.544650
62745	66275.851614	65.228237	11.842265	-0.660754	62.572656
62747	66277.941359	65.444764	11.787623	-0.656657	65.457905
62749	66280.036559	66.493613	12.496516	-0.659394	64.722423
62751	66282.132056	65.959686	12.415993	-0.654299	64.415375
62753	66284.223793	67.813956	12.937896	-0.664970	60.281121
62755	66286.313210	66.992900	12.270217	-0.655204	60.849978
62757	66288.398645	67.053638	11.602648	-0.643610	60.497503
62759	66290.482284	60.612653	11.193572	-0.675809	63.333234
62761	66292.566602	65.364334	12.001305	-0.639263	65.856422
62763	66294.659931	61.860861	12.043009	-0.667224	65.658337
62765	66296.762924	69.174310	15.378151	-0.657288	61.756521
62767	66298.864453	65.978877	10.802130	-0.647415	62.124991
62769	66300.951837	66.544609	11.504315	-0.650183	59.304855
62771	66303.025324	66.318641	12.344174	-0.623740	64.023226
62773	66305.104275	65.278442	11.477932	-0.629112	61.118337
62775	66307.202488	64.655386	10.891218	-0.632725	61.638120
62777	66309.307860	65.296156	10.900817	-0.640020	64.879430
62779	66311.403298	65.813479	10.960172	-0.645481	61.573213
62781	66313.487145	66.427227	11.232924	-0.635206	59.022458
62783	66315.564571	65.006325	11.620455	-0.643954	63.949992
62785	66317.646337	60.762295	11.052813	-0.656194	62.901522
62787	66319.732741	65.952839	11.385671	-0.637120	60.949377
62789	66321.821657	64.391031	10.733569	-0.623021	64.164232
62791	66323.911486	64.889885	11.543048	-0.631221	64.737441
62793	66326.002048	65.518616	10.915237	-0.631144	63.639361
62795	66328.091550	65.408371	10.781484	-0.632361	63.787421
62797	66330.179914	65.128967	11.067595	-0.629836	63.811276
62799	66332.271976	65.127144	11.124327	-0.627501	65.164360
62801	66334.369243	63.334869	11.021142	-0.637560	64.811190
62803	66336.467925	58.378545	6.271096	-0.596220	63.400016
62805	66338.568598	66.090883	10.716908	-0.620658	62.861675
62807	66340.658490	66.292136	10.242877	-0.613688	64.047776
62809	66342.737634	66.977571	10.669312	-0.610475	65.789602
62811	66344.813280	66.422488	10.261212	-0.625637	62.009788
62813	66346.896353	63.004587	10.543552	-0.626087	63.360308
62815	66348.995948	63.338494	6.817704	-0.597027	63.868329
62817	66351.099814	66.015073	10.466898	-0.614075	63.831520
62819	66353.196020	66.670541	10.498798	-0.613649	63.894291
62821	66355.283544	66.218315	10.045348	-0.608480	60.452465
62823	66357.364638	66.124075	9.962836	-0.604633	60.754372
62825	66359.445826	65.825207	10.163637	-0.608481	63.880428
62827	66361.530082	65.512446	9.939372	-0.608802	63.319424
62829	66363.615471	65.029007	10.217540	-0.613949	63.124943
62831	66365.704517	64.961298	9.945596	-0.611448	61.436025
62833	66367.794520	65.781896	10.304731	-0.614242	61.213558
62835	66369.886511	65.142105	9.979294	-0.608619	64.318822
62837	66371.979967	61.729788	10.816014	-0.620860	64.094761
62839	66374.076356	65.047619	14.394442	-0.625059	65.977995
62841	66376.174233	65.456486	9.910092	-0.608462	64.681061
62843	66378.270475	60.905665	10.236725	-0.623355	61.628457
62845	66380.361126	60.217130	11.581993	-0.598757	62.927113
62847	66382.444103	63.620586	10.141028	-0.625820	60.795140
62849	66384.521573	70.158746	7.882620	-0.589340	62.137591
62851	66386.601837	65.462610	9.772502	-0.582898	59.311994
62853	66388.690494	64.485756	9.575074	-0.591662	63.110492
62855	66390.788403	64.846623	9.958124	-0.590110	63.853308
62857	66392.890589	65.404701	9.354503	-0.598942	62.523937
62859	66394.987354	65.970185	9.741075	-0.596711	63.046335
62861	66397.077740	66.358277	9.721015	-0.601811	62.316449
62863	66399.164818	65.816023	10.122562	-0.601398	58.190365
62865	66401.250818	61.938506	9.934488	-0.609286	60.472400
62867	66403.336426	66.309563	9.949452	-0.590583	61.716500
62869	66405.425946	66.345759	10.441981	-0.598909	58.636124
62871	66407.515594	66.503309	9.736287	-0.585672	60.006315
62873	66409.605526	65.826216	9.342826	-0.592021	60.598320
62875	66411.698758	66.901895	9.896834	-0.594140	58.985839
62877	66413.792325	66.349153	9.405683	-0.589996	58.620747
62879	66415.884818	66.073696	9.301115	-0.586861	58.928317
62881	66417.972877	61.950643	10.278949	-0.609267	60.673524
62883	66420.056620	61.638904	10.449031	-0.590334	61.312339
62885	66422.135378	61.993326	16.481588	-0.608147	62.109760
62887	66424.215224	62.214683	9.702247	-0.583512	61.606195
62889	66426.301008	63.003524	11.065012	-0.560253	61.732426
62891	66428.395179	66.324626	9.443919	-0.578049	60.441106
62893	66430.495786	65.590764	9.415231	-0.577503	59.071149
62895	66432.595466	65.714023	9.177686	-0.582345	57.639651
62897	66434.691456	66.373837	9.273269	-0.583945	59.472392
62899	66436.781300	65.872234	9.357509	-0.576778	58.232445
62901	66438.868935	63.400527	9.689110	-0.594609	60.829556
62903	66440.954893	62.716871	14.389859	-0.595057	61.132910
62905	66443.042089	66.227762	9.045700	-0.573106	60.984250
62907	66445.129005	66.510386	9.082971	-0.579290	64.336807
62909	66447.217756	65.145585	8.803826	-0.575368	64.363040
62911	66449.307597	65.240490	8.918855	-0.574922	62.452634
62913	66451.398940	66.680311	9.160937	-0.572466	59.516633
62915	66453.492223	66.128361	8.586435	-0.576961	62.219062
62917	66455.583577	65.805328	8.713814	-0.575075	62.425294
62919	66457.676560	66.135155	9.068166	-0.568564	59.297101
62921	66459.764583	66.801708	8.902659	-0.575496	61.543249
62923	66461.850758	66.831911	8.936031	-0.572792	61.363546
62925	66463.931315	66.630792	8.824355	-0.564722	59.718494
62927	66466.013550	66.803190	9.549948	-0.563179	57.859521
62929	66468.095029	66.270993	8.503950	-0.547373	60.188288
62931	66470.182626	65.044778	8.996981	-0.552587	63.473590
62933	66472.276882	65.793700	9.289060	-0.574801	63.766187
62935	66474.374480	66.036005	8.460112	-0.565374	62.610733
62937	66476.473564	65.736440	8.757916	-0.565385	64.161893
62939	66478.567320	66.117539	8.025114	-0.566062	59.979117
62941	66480.660653	65.998463	8.643728	-0.566017	61.132673
62943	66482.751163	66.342024	8.315766	-0.560914	61.032226
62945	66484.841525	65.961054	8.575100	-0.561896	60.578805
62947	66486.929506	66.831541	9.007417	-0.571867	63.010179
62949	66489.018492	65.659419	8.036245	-0.555796	62.307482
62951	66491.110895	66.015079	8.047288	-0.554304	59.124777
62953	66493.198557	65.977878	8.212812	-0.551251	60.643566
62955	66495.284352	66.215919	8.152601	-0.554777	60.732550
62957	66497.367876	66.201185	8.471269	-0.546900	61.569065
62959	66499.449171	65.727274	8.170552	-0.555308	61.731367
62961	66501.529985	66.105101	8.244569	-0.558285	60.608668
62963	66503.616753	65.656493	8.480917	-0.562257	59.956634
62965	66505.707982	65.696997	8.398438	-0.543015	64.205772
62967	66507.803924	65.912743	8.336462	-0.544843	59.757581
62969	66509.902377	65.929967	8.368040	-0.545029	59.997772
62971	66511.999559	61.757853	8.409282	-0.565268	58.970543
62973	66514.092454	66.295358	8.079337	-0.540903	58.913630
62975	66516.184018	65.657166	7.973126	-0.546034	59.620541
62977	66518.274504	66.637780	8.044029	-0.549516	61.953134
62979	66520.364022	66.626789	7.708720	-0.549711	61.414412
62981	66522.453117	66.050438	8.034177	-0.547060	62.373309
62983	66524.542905	66.139643	8.054221	-0.552195	62.448482
62985	66526.632473	65.515231	8.214779	-0.548026	61.782553
62987	66528.720870	65.779585	7.842252	-0.548932	59.106088
62989	66530.811414	66.765422	7.927690	-0.544961	58.354531
62991	66532.900329	66.350826	7.649533	-0.545871	58.388973
62993	66534.986824	66.265567	7.403988	-0.538037	57.817069
62995	66537.071436	66.927087	7.855691	-0.535372	57.672360
62997	66539.154882	66.498485	7.692589	-0.530585	60.904671
62999	66541.237220	65.673707	7.854609	-0.526835	58.527950
63001	66543.321568	66.002613	7.883008	-0.526214	58.091996
63003	66545.407628	66.349171	8.622499	-0.542266	63.176232
63005	66547.498222	60.857963	8.090214	-0.553660	63.487850
63007	66549.593385	67.510618	10.211005	-0.545371	61.656232
63009	66551.689389	65.666280	7.618659	-0.543104	62.109896
63011	66553.785727	66.222812	7.436920	-0.540972	60.110829
63013	66555.878937	65.858863	7.348904	-0.539327	60.585559
63015	66557.972802	60.737418	7.779972	-0.561753	61.474435
63017	66560.063445	66.295931	7.698589	-0.541146	61.142510
63019	66562.153615	66.430395	7.347167	-0.531558	63.484340
63021	66564.242225	66.296112	7.348436	-0.537215	62.342636
63023	66566.331277	65.715680	7.494292	-0.534819	62.942346
63025	66568.418468	65.891136	7.389574	-0.529299	62.400793
63027	66570.503620	62.595658	8.165270	-0.545117	59.976254
63029	66572.586412	60.586028	7.795379	-0.548146	60.278038
63031	66574.669330	65.549367	7.209577	-0.531486	59.551946
63033	66576.753700	65.837653	7.471862	-0.537032	62.935089
63035	66578.841674	65.483873	7.585829	-0.532276	61.853656
63037	66580.934368	66.048626	7.673170	-0.525622	59.425122
63039	66583.027891	66.657998	7.330166	-0.522706	58.684977
63041	66585.124254	67.053487	8.284634	-0.527739	59.117242
63043	66587.220137	65.695585	7.384168	-0.518281	59.759361
63045	66589.314682	65.632661	7.361199	-0.525255	58.768414
63047	66591.406178	61.214835	7.456928	-0.542025	58.179724
63049	66593.497095	66.720000	7.544623	-0.527791	56.550812
63051	66595.587972	61.845168	7.801551	-0.531482	60.707933
63053	66597.678059	66.116996	7.098979	-0.521548	60.284304
63055	66599.767423	66.667626	6.851827	-0.525414	59.799482
63057	66601.855838	66.726460	7.308998	-0.525967	59.751443
63059	66603.943291	66.729791	7.266652	-0.521915	60.599769
63061	66606.030611	66.652699	7.063218	-0.523832	57.240156
63063	66608.115720	66.605017	7.176408	-0.519519	60.033996
63065	66610.200072	66.732212	7.392378	-0.518105	58.633242
63067	66612.283802	66.125004	7.207279	-0.509326	57.486211
63069	66614.368843	65.496519	7.102340	-0.507878	58.658519
63071	66616.456235	66.455418	7.289440	-0.510660	59.309241
63073	66618.544976	65.646302	7.036310	-0.518165	60.110268
63075	66620.638749	65.980229	6.640067	-0.516337	60.687003
63077	66622.732943	59.927153	7.419522	-0.534142	63.491310
63079	66624.828343	61.510371	14.266851	-0.535943	62.903278
63081	66626.923483	65.582622	6.873296	-0.513817	62.634072
