time (s)	coil I (A)	last det (V)	int current (uC)
64558.636212	0.319021	148.242187	228.906250
64558.638214	0.331097	148.242187	228.906250
64558.640214	0.628980	148.242187	228.906250
64558.642214	0.626788	6.894669	1.478888
64559.693179	0.350241	266.406250	-123.828125
64559.695181	0.599034	266.406250	-123.828125
64559.697181	0.628099	266.406250	-123.828125
64559.699182	0.626027	6.886294	1.244948
64560.713212	0.370469	144.824219	227.734375
64560.715213	0.607892	144.824219	227.734375
64560.717215	0.628837	144.824219	227.734375
64560.719214	0.626840	6.895236	1.388938
64561.791199	0.476644	219.140625	-130.078125
64561.793202	0.629094	219.140625	-130.078125
64561.795199	0.628329	6.911614	1.292467
64562.793682	0.324513	144.628906	232.714844
64562.795682	0.586819	144.628906	232.714844
64562.797684	0.628449	144.628906	232.714844
64562.799682	0.626268	6.888945	1.445379
64563.883684	0.395436	262.011719	-129.394531
64563.885691	0.615618	262.011719	-129.394531
64563.887693	0.628084	262.011719	-129.394531
64563.889691	0.626197	6.888164	1.233783
64564.875677	0.505261	137.695312	239.257812
64564.877679	0.630257	137.695312	239.257812
64564.879679	0.628332	6.911650	1.404875
64565.971695	0.250727	222.460937	-140.332031
64565.973696	0.540968	222.460937	-140.332031
64565.975698	0.629796	222.460937	-140.332031
64565.977697	0.627418	6.901600	1.369636
64566.969720	0.602602	130.664062	247.460937
64566.971723	0.628781	130.664062	247.460937
64566.973722	0.626740	6.894137	1.269178
64568.058161	0.490251	227.929687	-145.996094
64568.060163	0.629970	227.929687	-145.996094
64568.062163	0.628469	6.913157	1.355996
64569.052177	0.296616	137.109375	256.738281
64569.054178	0.571582	137.109375	256.738281
64569.056179	0.629436	137.109375	256.738281
64569.058179	0.627144	6.898586	1.324562
64570.142204	0.370864	221.484375	-148.730469
64570.146204	0.628038	221.484375	-148.730469
64570.148205	0.626108	221.484375	-148.730469
64570.150205	0.624606	6.870661	1.409331
64571.150724	0.503133	135.156250	256.640625
64571.152726	0.630455	135.156250	256.640625
64571.154725	0.628441	6.912855	1.306402
64572.217281	0.626137	229.785156	-147.949219
64572.219284	0.627979	229.785156	-147.949219
64572.221286	0.626178	6.887960	1.466563
64573.251841	0.485370	132.812500	250.976562
64573.253842	0.628961	132.812500	250.976562
64573.255841	0.627773	6.905508	1.124102
64574.295869	0.419998	211.035156	-148.535156
64574.297871	0.621668	211.035156	-148.535156
64574.299872	0.628014	211.035156	-148.535156
64574.301872	0.626205	6.888253	1.407255
64575.335931	0.371609	136.914062	241.308594
64575.337932	0.383407	136.914062	241.308594
64575.339932	0.628193	136.914062	241.308594
64575.341930	0.626277	6.889050	1.302333
64576.375966	0.318365	240.527344	-142.382812
64576.377967	0.583927	240.527344	-142.382812
64576.379968	0.628992	240.527344	-142.382812
64576.381968	0.628892	6.917817	1.564674
64577.429941	0.508985	140.429687	234.863281
64577.431942	0.629817	140.429687	234.863281
64577.433944	0.627752	6.905277	1.174989
64578.468852	0.290944	205.273437	-141.210937
64578.470854	0.568138	205.273437	-141.210937
64578.472853	0.629390	205.273437	-141.210937
64578.474853	0.627085	6.897939	1.381599
64579.516865	0.629776	141.601562	227.441406
64579.520865	0.625953	6.885488	1.275979
64580.555418	0.536795	202.148437	-138.867187
64580.557419	0.630164	202.148437	-138.867187
64580.559420	0.627823	6.906057	1.346511
64581.595428	0.490442	145.605469	222.949219
64581.597431	0.629867	145.605469	222.949219
64581.599431	0.628362	6.911986	1.316923
64582.648397	0.528800	224.707031	-133.593750
64582.650396	0.629381	224.707031	-133.593750
64582.652399	0.627109	6.898196	1.293405
64583.682876	0.262661	142.089844	219.628906
64583.684885	0.549220	142.089844	219.628906
64583.686887	0.629298	142.089844	219.628906
64583.688885	0.626969	6.896663	1.388034
64584.732896	0.480811	204.199219	-135.058594
64584.734898	0.628742	204.199219	-135.058594
64584.736898	0.627795	6.905747	1.312241
64585.764898	0.452608	147.265625	220.800781
64585.766898	0.626519	147.265625	220.800781
64585.768899	0.627714	6.904852	1.336655
64586.824901	0.324245	202.050781	-135.253906
64586.826900	0.586681	202.050781	-135.253906
64586.828902	0.628364	202.050781	-135.253906
64586.830902	0.626236	6.888598	1.259669
64587.852896	0.307465	142.578125	217.871094
64587.854899	0.577904	142.578125	217.871094
64587.856898	0.629097	142.578125	217.871094
64587.858898	0.626863	6.895494	1.364558
64588.914978	0.489051	191.894531	-136.132812
64588.916981	0.629427	191.894531	-136.132812
64588.918982	0.628017	6.908185	1.238887
64589.939044	0.498047	142.285156	216.992187
64589.941045	0.629960	142.285156	216.992187
64589.943046	0.628284	6.911126	1.390178
64591.001115	0.612159	162.988281	-139.160156
64591.005116	0.626771	162.988281	-139.160156
64591.007118	0.625394	6.879329	1.178702
64592.033149	0.603343	144.042969	218.261719
64592.035150	0.628474	144.042969	218.261719
64592.037151	0.626465	6.891115	1.244889
64593.083647	0.328452	179.492187	-138.964844
64593.085649	0.589135	179.492187	-138.964844
64593.087650	0.628793	179.492187	-138.964844
64593.089648	0.626640	6.893038	1.307121
64594.121633	0.496660	144.042969	219.726562
64594.123637	0.628917	144.042969	219.726562
64594.125635	0.626629	6.892923	1.292286
64595.166163	0.569206	205.664062	-139.550781
64595.168166	0.628656	205.664062	-139.550781
64595.170164	0.626351	6.889865	1.308188
64596.204701	0.316237	139.843750	219.726562
64596.206702	0.582719	139.843750	219.726562
64596.208703	0.629026	139.843750	219.726562
64596.210702	0.626857	6.895432	1.289540
64597.254737	0.528719	180.859375	-145.312500
64597.256739	0.630354	180.859375	-145.312500
64597.258739	0.628013	6.908140	1.284803
64598.298749	1.052197	136.035156	224.902344
64598.300751	0.627827	136.035156	224.902344
64598.302751	0.628114	6.909256	1.238249
64599.339267	0.484489	156.250000	-152.539062
64599.341269	0.629134	156.250000	-152.539062
64599.343267	0.627908	6.906988	1.330810
64600.379718	0.493729	139.648437	233.105469
64600.381721	0.629457	139.648437	233.105469
64600.383721	0.627827	6.906093	1.288556
64601.429775	0.621240	194.531250	-153.417969
64601.431777	0.628088	194.531250	-153.417969
64601.433777	0.626194	6.888129	1.458917
64602.468328	0.439437	132.617187	238.281250
64602.470329	0.625886	132.617187	238.281250
64602.472330	0.628226	132.617187	238.281250
64602.474330	0.626421	6.890628	1.185711
64603.516385	0.365936	160.253906	-160.644531
64603.518387	0.605812	160.253906	-160.644531
64603.520386	0.628503	160.253906	-160.644531
64603.524386	0.625166	6.876821	1.390669
64604.548406	0.340337	134.863281	245.312500
64604.550409	0.594804	134.863281	245.312500
64604.552408	0.628511	134.863281	245.312500
64604.554408	0.626423	6.890655	1.166498
64605.612444	0.630058	189.843750	-159.277344
64605.614449	0.627960	6.907564	1.422361
64606.626983	0.587490	128.710937	242.382812
64606.628983	0.628739	128.710937	242.382812
64606.630985	0.628627	6.914902	1.264218
64607.705468	0.630006	167.480469	-161.132812
64607.707470	0.628055	167.480469	-161.132812
64607.709470	0.626394	6.890336	1.314686
64608.711473	0.553275	128.320312	237.402344
64608.713476	0.629287	128.320312	237.402344
64608.715474	0.626889	6.895777	1.228621
64609.795930	0.423894	180.078125	-155.761719
64609.797933	0.622276	180.078125	-155.761719
64609.799932	0.627690	180.078125	-155.761719
64609.801932	0.625861	6.884469	1.275588
64610.795985	0.511402	129.394531	230.859375
64610.797987	0.630002	129.394531	230.859375
64610.799988	0.627896	6.906855	1.224652
64611.880000	0.303423	197.949219	-149.316406
64611.882002	0.575462	197.949219	-149.316406
64611.884002	0.628927	197.949219	-149.316406
64611.886003	0.626761	6.894368	1.313448
64612.880043	0.397734	134.765625	223.242187
64612.882046	0.616545	134.765625	223.242187
64612.884045	0.628588	134.765625	223.242187
64612.886044	0.626709	6.893801	1.291866
64613.966073	0.484252	187.597656	-144.921875
64613.968074	0.629088	187.597656	-144.921875
64613.970074	0.627870	6.906571	1.276131
64614.972071	0.238192	138.574219	216.210937
64614.974074	0.532372	138.574219	216.210937
64614.976075	0.631358	138.574219	216.210937
64614.978075	0.629012	6.919129	1.310953
64616.050117	0.361470	202.929687	-139.648437
64616.052117	0.604207	202.929687	-139.648437
64616.054119	0.628556	202.929687	-139.648437
64616.056119	0.626558	6.892143	1.211450
64617.062121	0.403852	138.867187	208.691406
64617.064125	0.617801	138.867187	208.691406
64617.066130	0.627977	138.867187	208.691406
64617.068134	0.626131	6.887446	1.296890
64618.130157	0.247920	175.292969	-141.699219
64618.132159	0.539080	175.292969	-141.699219
64618.134159	0.629985	175.292969	-141.699219
64618.136160	0.627593	6.903523	1.260035
64619.158205	0.629724	143.261719	208.496094
64619.160205	0.627374	6.901112	1.362657
64620.212742	0.519071	162.011719	-144.824219
64620.214743	0.630235	162.011719	-144.824219
64620.216743	0.627946	6.907404	1.205388
64621.244780	0.498507	138.574219	206.835937
64621.246781	0.629248	138.574219	206.835937
64621.248780	0.627506	6.902565	1.322234
64622.297640	0.523304	187.109375	-145.605469
64622.299646	0.630028	187.109375	-145.605469
64622.301644	0.627815	6.905968	1.255886
64623.337653	0.473145	139.355469	210.839844
64623.343652	0.626655	139.355469	210.839844
64623.345653	0.625327	6.878593	1.243961
64624.381692	0.407881	135.058594	-152.539062
64624.383692	0.618979	135.058594	-152.539062
64624.385694	0.628086	135.058594	-152.539062
64624.387692	0.626206	6.888270	1.277712
64625.421719	0.354599	144.042969	214.746094
64625.423720	0.601053	144.042969	214.746094
64625.425719	0.628235	144.042969	214.746094
64625.429718	0.624734	6.872070	1.274358
64626.469706	0.629452	165.234375	-152.734375
64626.471708	0.627087	6.897957	1.335334
64627.512297	0.571528	141.699219	216.015625
64627.514298	0.628942	141.699219	216.015625
64627.516299	0.626619	6.892808	1.252277
64628.556810	0.574918	125.781250	-157.324219
64628.558811	0.629160	125.781250	-157.324219
64628.560813	0.626923	6.896149	1.237962
64629.600841	0.526454	137.207031	215.136719
64629.602845	0.629934	137.207031	215.136719
64629.604843	0.627701	6.904710	1.214037
64630.640863	0.480164	144.628906	-156.933594
64630.642865	0.629370	144.628906	-156.933594
64630.644864	0.628295	6.911250	1.263090
64631.684901	0.415248	137.988281	214.355469
64631.686903	0.620411	137.988281	214.355469
64631.688902	0.627852	137.988281	214.355469
64631.690902	0.625961	6.885576	1.218188
64632.728937	0.349397	134.277344	-157.324219
64632.730940	0.599095	134.277344	-157.324219
64632.732939	0.628817	134.277344	-157.324219
64632.734938	0.626795	6.894749	1.242975
64633.772965	0.280629	137.011719	212.109375
64633.774970	0.561482	137.011719	212.109375
64633.776970	0.629597	137.011719	212.109375
64633.778969	0.627222	6.899446	1.210547
64634.815011	0.523663	122.753906	-156.738281
64634.817013	0.629821	122.753906	-156.738281
64634.819014	0.627510	6.902610	1.249596
64635.859005	0.457908	136.523437	208.593750
64635.861008	0.627275	136.523437	208.593750
64635.863008	0.627881	6.906686	1.230726
64636.905000	0.613241	139.746094	-152.539062
64636.907001	0.628541	139.746094	-152.539062
64636.909002	0.626641	6.893056	1.228484
64637.945026	0.590354	136.621094	204.980469
64637.947028	0.628695	136.621094	204.980469
64637.949027	0.626625	6.892870	1.243873
64638.991914	0.377301	152.246094	-148.925781
64638.993916	0.609830	152.246094	-148.925781
64638.995916	0.628165	152.246094	-148.925781
64638.997916	0.626210	6.888306	1.227081
64640.027925	0.336332	138.183594	202.148437
64640.029929	0.593634	138.183594	202.148437
64640.031927	0.629834	138.183594	202.148437
64640.033926	0.627653	6.904179	1.300469
64641.083929	0.629495	173.632812	-145.898437
64641.085931	0.627222	173.632812	-145.898437
64641.087934	0.625640	6.882041	1.209805
64642.108846	0.357546	143.359375	204.394531
64642.110845	0.602349	143.359375	204.394531
64642.112845	0.628387	143.359375	204.394531
64642.114846	0.626358	6.889936	1.320342
64643.173373	0.292826	165.820312	-146.289062
64643.175375	0.569428	165.820312	-146.289062
64643.177373	0.629646	165.820312	-146.289062
64643.179374	0.627303	6.900332	1.220801
64644.193902	0.387120	138.671875	204.101562
64644.195901	0.613337	138.671875	204.101562
64644.197903	0.628477	138.671875	204.101562
64644.199900	0.626517	6.891692	1.259874
64645.265903	0.629605	170.312500	-147.558594
64645.267905	0.627328	6.900607	1.191514
64646.276434	0.600094	139.746094	210.058594
64646.278440	0.628337	139.746094	210.058594
64646.280443	0.626322	6.889547	1.227405
64647.356974	0.523341	162.402344	-153.125000
64647.358977	0.629877	162.402344	-153.125000
64647.360976	0.627607	6.903682	1.229870
64648.354980	0.318026	138.281250	216.406250
64648.356983	0.583472	138.281250	216.406250
64648.358984	0.628527	138.281250	216.406250
64648.362984	0.624731	6.872044	1.284567
64649.445896	0.519476	182.128906	-156.640625
64649.447899	0.629692	182.128906	-156.640625
64649.449897	0.627487	6.902353	1.268204
64650.443876	0.305837	132.128906	221.093750
64650.445880	0.576706	132.128906	221.093750
64650.447879	0.580597	132.128906	221.093750
64650.449881	0.626479	6.891266	1.201241
64651.529915	0.398340	169.531250	-163.476562
64651.531919	0.616464	169.531250	-163.476562
64651.533917	0.617946	169.531250	-163.476562
64651.535918	0.626140	6.887535	1.298345
64652.532504	0.256662	128.710937	226.269531
64652.534507	0.270435	128.710937	226.269531
64652.536506	0.629000	128.710937	226.269531
64652.538510	0.626621	6.892834	1.171838
64653.614523	0.359325	128.613281	-172.167969
64653.616523	0.603023	128.613281	-172.167969
64653.618523	0.628383	128.613281	-172.167969
64653.620524	0.626422	6.890636	1.275452
64654.624547	0.621845	130.175781	229.980469
64654.626549	0.627828	130.175781	229.980469
64654.628549	0.625965	6.885612	1.155893
64655.695095	0.331159	164.257812	-170.410156
64655.697097	0.590289	164.257812	-170.410156
64655.699095	0.628319	164.257812	-170.410156
64655.701097	0.626240	6.888643	1.290891
64656.715120	0.350202	130.078125	228.613281
64656.717124	0.599128	130.078125	228.613281
64656.719123	0.628455	130.078125	228.613281
64656.721123	0.626353	6.889883	1.142233
64657.777144	0.516755	117.773437	-174.707031
64657.779152	0.629640	117.773437	-174.707031
64657.781157	0.627475	6.902228	1.272391
64658.811211	0.629547	134.179687	228.027344
64658.813215	0.627782	6.905597	1.098186
64659.861199	0.402466	114.550781	-172.949219
64659.863202	0.617526	114.550781	-172.949219
64659.865202	0.628036	114.550781	-172.949219
64659.867203	0.626135	6.887482	1.255347
64660.897184	0.355444	130.273437	219.335937
64660.901184	0.628430	130.273437	219.335937
64660.903186	0.626473	130.273437	219.335937
64660.905186	0.625004	6.875039	1.169024
64661.941188	0.283142	111.523437	-170.703125
64661.943191	0.563101	111.523437	-170.703125
64661.945191	0.629444	111.523437	-170.703125
64661.947190	0.627155	6.898702	1.294873
64662.987204	0.511174	133.203125	215.136719
64662.989206	0.629709	133.203125	215.136719
64662.991206	0.627602	6.903620	1.130875
64664.027214	0.459839	119.140625	-167.871094
64664.029217	0.627081	119.140625	-167.871094
64664.031216	0.627539	6.902929	1.267960
64665.071223	0.389840	133.886719	209.375000
64665.073224	0.614706	133.886719	209.375000
64665.075226	0.629079	133.886719	209.375000
64665.077225	0.627183	6.899012	1.230542
64666.115212	0.313982	101.171875	-166.796875
64666.117214	0.581476	101.171875	-166.796875
64666.119212	0.628859	101.171875	-166.796875
64666.123213	0.625195	6.877149	1.263700
64667.161242	0.536907	133.105469	204.492187
64667.163244	0.629336	133.105469	204.492187
64667.165245	0.627046	6.897505	1.192621
64668.205272	0.478919	120.214844	-163.574219
64668.207275	0.628859	120.214844	-163.574219
64668.209274	0.627972	6.907688	1.187578
64669.245271	0.423607	134.667969	202.539062
64669.247273	0.622751	134.667969	202.539062
64669.249274	0.628315	134.667969	202.539062
64669.251273	0.626480	6.891275	1.207129
64670.289280	0.352640	105.957031	-164.257812
64670.291279	0.600704	105.957031	-164.257812
64670.293281	0.628965	105.957031	-164.257812
64670.295282	0.626896	6.895857	1.227694
64671.331265	0.567978	134.472656	200.488281
64671.333266	0.629789	134.472656	200.488281
64671.335267	0.627496	6.902459	1.267329
64672.380173	0.596354	114.843750	-163.378906
64672.382175	0.629370	114.843750	-163.378906
64672.384175	0.627313	6.900439	1.184720
64673.415687	2.928308	138.671875	201.855469
64673.421038	0.621051	138.671875	201.855469
64673.423041	0.628433	138.671875	201.855469
64673.427039	0.625176	6.876935	1.208186
64674.465596	0.623363	122.753906	-163.671875
64674.467598	0.628489	122.753906	-163.671875
64674.469598	0.626625	6.892870	1.198318
64675.507605	0.629307	138.964844	202.832031
64675.509607	0.627335	6.900686	1.223648
64676.548156	0.381310	124.609375	-165.527344
64676.550160	0.611082	124.609375	-165.527344
64676.554156	0.626102	124.609375	-165.527344
64676.556158	0.624644	6.871087	1.227402
64677.592169	0.310512	139.453125	205.078125
64677.594170	0.579548	139.453125	205.078125
64677.596171	0.629017	139.453125	205.078125
64677.598171	0.626889	6.895777	1.184893
64678.636172	0.235821	129.394531	-167.285156
64678.638172	0.531039	129.394531	-167.285156
64678.642170	0.631473	129.394531	-167.285156
64678.644173	0.629850	6.928346	1.232151
64679.681122	0.308960	131.347656	204.296875
64679.683122	0.578766	131.347656	204.296875
64679.685123	0.629220	131.347656	204.296875
64679.687123	0.627030	6.897327	1.178507
64680.721136	0.250010	139.160156	-169.921875
64680.723138	0.540485	139.160156	-169.921875
64680.725138	0.629713	139.160156	-169.921875
64680.727139	0.627290	6.900190	1.264774
64681.767140	0.479867	130.175781	208.300781
64681.769142	0.629259	130.175781	208.300781
64681.771143	0.628345	6.911800	1.127992
64682.811148	0.408941	87.402344	-177.050781
64682.815149	0.628490	87.402344	-177.050781
64682.817150	0.626677	87.402344	-177.050781
64682.819150	0.625306	6.878363	1.248959
64683.851165	0.355766	132.617187	215.039062
64683.853165	0.602136	132.617187	215.039062
64683.855167	0.629039	132.617187	215.039062
64683.857166	0.627077	6.897841	1.122219
64684.899203	0.273770	103.027344	-178.515625
64684.901204	0.557102	103.027344	-178.515625
64684.903203	0.629875	103.027344	-178.515625
64684.905204	0.627472	6.902193	1.244623
64685.937199	0.523330	127.246094	216.015625
64685.939204	0.630809	127.246094	216.015625
64685.941206	0.628419	6.912606	1.107699
64686.990160	0.554728	125.097656	-178.710937
64686.992163	0.629484	125.097656	-178.710937
64686.994163	0.627095	6.898046	1.301685
64688.016706	0.342022	130.566406	221.386719
64688.018707	0.595919	130.566406	221.386719
64688.020707	0.628922	130.566406	221.386719
64688.022709	0.626876	6.895635	1.118192
64689.086772	0.627610	126.562500	-180.078125
64689.088771	0.625974	6.885718	1.203544
64690.099315	0.583001	125.195312	217.578125
64690.101316	0.629161	125.195312	217.578125
64690.103318	0.627007	6.897079	1.274769
64691.173313	0.625977	139.062500	-178.417969
64691.175316	0.627906	6.906970	1.238574
64692.183801	0.547760	124.511719	214.257812
64692.185803	0.629878	124.511719	214.257812
64692.187803	0.627520	6.902725	1.167922
64693.263809	0.361489	116.601562	-177.929687
64693.265811	0.604368	116.601562	-177.929687
64693.267812	0.628841	116.601562	-177.929687
64693.269812	0.626852	6.895369	1.201142
64694.263832	0.450178	125.976562	209.472656
64694.265833	0.626745	125.976562	209.472656
64694.267834	0.628219	6.910408	1.184214
64695.352735	0.356481	146.386719	-170.410156
64695.354737	0.602196	146.386719	-170.410156
64695.356738	0.628794	146.386719	-170.410156
64695.358737	0.628680	6.915478	1.204425
64696.355689	0.629743	131.835937	206.152344
64696.357692	0.627295	6.900244	1.234955
64697.440193	0.625942	136.523437	-166.699219
64697.442197	0.627914	136.523437	-166.699219
64697.444196	0.626167	6.887836	1.162868
64698.440703	0.291169	133.398437	199.218750
64698.442704	0.568165	133.398437	199.218750
64698.446702	0.627005	133.398437	199.218750
64698.448706	0.625484	6.880322	1.164226
64699.524700	0.614787	105.078125	-165.039062
64699.526702	0.628204	105.078125	-165.039062
64699.528701	0.626249	6.888741	1.151150
64700.532726	0.627243	138.183594	195.605469
64700.534727	0.628437	6.912802	1.159769
64701.603203	0.352569	146.191406	-159.082031
64701.605205	0.600677	146.191406	-159.082031
64701.607204	0.629022	146.191406	-159.082031
64701.611202	0.625614	6.881756	1.170918
64702.621153	0.609062	137.109375	190.527344
64702.623156	0.628634	137.109375	190.527344
64702.625155	0.626660	6.893260	1.198520
64703.691174	0.629972	127.441406	-159.667969
64703.693178	0.627848	6.906332	1.162120
64704.707671	0.305397	137.500000	188.281250
64704.709674	0.576648	137.500000	188.281250
64704.711672	0.629116	137.500000	188.281250
64704.713672	0.626824	6.895068	1.230256
64705.773681	0.464224	91.601562	-162.792969
64705.775684	0.627977	91.601562	-162.792969
64705.777682	0.628109	6.909194	1.106735
64706.797730	0.470525	136.914062	187.011719
64706.799731	0.628318	136.914062	187.011719
64706.801733	0.627887	6.906757	1.207149
64707.855766	0.604208	98.828125	-163.183594
64707.857767	0.628232	98.828125	-163.183594
64707.859768	0.626263	6.888891	1.175528
64708.885805	0.339540	139.550781	188.867187
64708.887807	0.594405	139.550781	188.867187
64708.889806	0.628572	139.550781	188.867187
64708.891807	0.626538	6.891913	1.210588
64709.937803	0.235081	127.050781	-162.500000
64709.941804	0.630821	127.050781	-162.500000
64709.943804	0.628305	127.050781	-162.500000
64709.945804	0.626784	6.894625	1.203797
64710.974701	0.329323	134.667969	187.109375
64710.976704	0.589628	134.667969	187.109375
64710.978704	0.628822	134.667969	187.109375
64710.980704	0.626758	6.894341	1.209234
64712.028748	0.528291	122.265625	-163.867187
64712.030750	0.630138	122.265625	-163.867187
64712.032748	0.627809	6.905898	1.130988
64713.063679	0.332252	133.886719	187.402344
64713.065680	0.591282	133.886719	187.402344
64713.067681	0.629193	133.886719	187.402344
64713.069681	0.627100	6.898098	1.184168
64714.115673	0.630496	106.738281	-165.234375
64714.117676	0.628140	6.909540	1.161512
64715.148193	0.279826	135.839844	187.792969
64715.150195	0.561029	135.839844	187.792969
64715.152201	0.629745	135.839844	187.792969
64715.154199	0.627402	6.901422	1.182143
64716.198244	0.498158	112.109375	-165.039062
64716.200245	0.629255	112.109375	-165.039062
64716.202245	0.627541	6.902956	1.148857
64717.234728	0.524100	135.058594	186.523437
64717.236730	0.630066	135.058594	186.523437
64717.238730	0.627795	6.905747	1.187726
64718.286716	0.428202	92.578125	-165.429687
64718.290715	0.627978	92.578125	-165.429687
64718.292717	0.626160	92.578125	-165.429687
64718.294718	0.624735	6.872088	1.135336
64719.322756	0.391027	140.136719	187.792969
64719.324756	0.614382	140.136719	187.792969
64719.326755	0.628228	140.136719	187.792969
64719.328758	0.626326	6.889582	1.167784
64720.377277	0.606154	113.476562	-163.476562
64720.379279	0.628171	113.476562	-163.476562
64720.381280	0.626150	6.887650	1.111550
64721.407819	0.418605	136.621094	184.960937
64721.411821	0.628781	136.621094	184.960937
64721.413821	0.626991	136.621094	184.960937
64721.415823	0.625593	6.881518	1.137434
64722.467850	0.629033	105.957031	-163.183594
64722.469851	0.628965	105.957031	-163.183594
64722.471851	0.625364	6.879009	1.118830
64723.490405	0.615071	136.230469	184.667969
64723.492407	0.628130	136.230469	184.667969
64723.494408	0.626201	6.888209	1.191263
64724.554420	0.538781	77.148437	-165.527344
64724.556422	0.629750	77.148437	-165.527344
64724.558421	0.627417	6.901590	1.128934
64725.574449	0.552742	135.351562	185.351562
64725.576448	0.629584	135.351562	185.351562
64725.578450	0.627157	6.898728	1.176004
64726.644480	0.596353	122.460937	-163.867187
64726.646482	0.628391	122.460937	-163.867187
64726.648482	0.626538	6.891922	1.126350
64727.663017	0.627586	133.984375	187.792969
64727.665018	0.625975	6.885727	1.136039
64728.731032	0.355604	107.226562	-168.066406
64728.735034	0.603825	107.226562	-168.066406
64728.737035	0.626397	107.226562	-168.066406
64728.739036	0.624896	6.873860	1.165624
64729.739047	0.415305	133.789062	192.187500
64729.741052	0.621439	133.789062	192.187500
64729.745050	0.627147	133.789062	192.187500
64729.747049	0.625799	6.883786	1.204464
64730.825031	0.493835	86.328125	-173.046875
64730.827035	0.629770	86.328125	-173.046875
64730.829034	0.628132	6.909451	1.099773
64731.823061	0.286119	132.714844	197.656250
64731.825063	0.564757	132.714844	197.656250
64731.827063	0.628995	132.714844	197.656250
64731.829063	0.626688	6.893570	1.156322
64732.909095	0.376355	102.441406	-176.953125
64732.911098	0.609387	102.441406	-176.953125
64732.913099	0.628142	102.441406	-176.953125
64732.915100	0.626195	6.888146	1.160370
64733.913138	0.454526	129.980469	201.562500
64733.915139	0.627066	129.980469	201.562500
64733.917140	0.628042	6.908459	1.084483
64734.995174	0.545356	91.113281	-182.812500
64734.997175	0.629847	91.113281	-182.812500
64734.999174	0.627442	6.901865	1.193756
64735.999627	0.616240	127.539062	205.468750
64736.003629	0.625838	127.539062	205.468750
64736.005629	0.624398	6.868375	1.116727
64737.079677	0.501281	96.484375	-186.914062
64737.081680	0.630326	96.484375	-186.914062
64737.083680	0.628483	6.913316	1.172359
64738.091698	0.540132	130.273437	210.351562
64738.093699	0.630044	130.273437	210.351562
64738.095701	0.627640	6.904045	1.102442
64739.164655	0.516891	77.050781	-190.527344
64739.166657	0.630035	77.050781	-190.527344
64739.168658	0.627881	6.906686	1.152228
64740.181087	1.401938	124.511719	207.812500
64740.183089	0.629232	124.511719	207.812500
64740.185088	0.627002	6.897027	1.058923
64741.249993	0.568523	95.214844	-189.843750
64741.251993	0.629556	95.214844	-189.843750
64741.253994	0.627204	6.899242	1.234107
64742.270531	0.613579	128.710937	209.863281
64742.272535	0.628289	128.710937	209.863281
64742.274534	0.626365	6.890017	1.068610
64743.330555	0.547657	73.828125	-191.601562
64743.332557	0.629420	73.828125	-191.601562
64743.334556	0.627052	6.897567	1.205852
64744.362561	2.083052	129.296875	206.152344
64744.364563	0.630086	129.296875	206.152344
64744.366563	0.627743	6.905171	1.056175
64745.416585	0.626490	76.269531	-189.355469
64745.418589	0.629610	76.269531	-189.355469
64745.420588	0.627806	6.905871	1.115843
64746.450573	0.393418	133.203125	204.492187
64746.452575	0.614900	133.203125	204.492187
64746.454575	0.628044	133.203125	204.492187
64746.456576	0.626150	6.887650	1.043242
64747.505511	0.625689	91.699219	-186.914062
64747.507514	0.624291	6.867205	1.096420
64748.536094	0.489165	129.882812	199.316406
64748.538094	0.630305	129.882812	199.316406
64748.540094	0.628859	6.917446	1.077491
64749.586124	0.619268	83.496094	-186.425781
64749.588125	0.628248	83.496094	-186.425781
64749.590125	0.626367	6.890034	1.086607
64750.624677	0.434950	132.031250	196.777344
64750.626678	0.624420	132.031250	196.777344
64750.630676	0.626102	132.031250	196.777344
64750.632679	0.624708	6.871787	1.084045
64751.668712	0.368862	64.843750	-186.328125
64751.670716	0.607173	64.843750	-186.328125
64751.672716	0.628943	64.843750	-186.328125
64751.674715	0.626933	6.896264	1.117408
64752.712697	0.291947	132.128906	194.335937
64752.714699	0.569024	132.128906	194.335937
64752.716698	0.630018	132.128906	194.335937
64752.718698	0.627669	6.904356	1.076744
64753.754713	0.529325	64.746094	-185.644531
64753.756711	0.630280	64.746094	-185.644531
64753.758713	0.627932	6.907253	1.158768
64754.798731	0.469954	137.695312	195.800781
64754.800735	0.630490	137.695312	195.800781
64754.802732	0.630172	6.931891	1.083331
64755.842736	0.397554	48.144531	-186.132812
64755.844739	0.616328	48.144531	-186.132812
64755.846740	0.628218	48.144531	-186.132812
64755.848739	0.626415	6.890566	1.115695
64756.886757	0.329638	130.957031	191.992187
64756.888759	0.589997	130.957031	191.992187
64756.892758	0.627358	130.957031	191.992187
64756.894759	0.625855	6.884407	1.068612
64757.926751	0.268261	60.839844	-185.839844
64757.928752	0.553104	60.839844	-185.839844
64757.930753	0.629343	60.839844	-185.839844
64757.934753	0.625416	6.879577	1.131794
64758.974797	0.629315	130.175781	192.089844
64758.976799	0.627487	130.175781	192.089844
64758.978805	0.625846	6.884309	1.093280
64760.012838	0.453380	56.738281	-187.304687
64760.014840	0.627034	56.738281	-187.304687
64760.016841	0.628129	6.909416	1.177277
64761.059280	0.626467	134.082031	195.703125
64761.061282	0.628045	6.908494	1.078671
64762.101806	0.455932	72.460937	-188.085937
64762.105806	0.627769	72.460937	-188.085937
64762.107809	0.626020	6.886223	1.114484
64763.145812	0.385366	130.859375	195.898437
64763.147814	0.612423	130.859375	195.898437
64763.149823	0.627976	130.859375	195.898437
64763.151826	0.625991	6.885896	1.037878
64764.191851	0.583661	88.574219	-188.867187
64764.193854	0.628820	88.574219	-188.867187
64764.195853	0.626676	6.893437	1.256475
64765.230807	0.405063	128.808594	197.363281
64765.232809	0.618114	128.808594	197.363281
64765.234809	0.627948	128.808594	197.363281
64765.236810	0.626039	6.886427	1.041800
64766.278802	0.314348	74.902344	-192.480469
64766.280800	0.581694	74.902344	-192.480469
64766.282801	0.629094	74.902344	-192.480469
64766.284802	0.626880	6.895679	1.095311
64767.316830	0.557368	130.859375	201.074219
64767.318829	0.629241	130.859375	201.074219
64767.322829	0.625349	6.878841	1.030339
64768.363332	0.263533	79.687500	-194.335937
64768.365335	0.549883	79.687500	-194.335937
64768.367334	0.629682	79.687500	-194.335937
64768.369334	0.627247	6.899712	1.175159
64769.399364	0.630079	128.320312	201.953125
64769.401364	0.627718	6.904896	1.088629
64770.457397	0.416816	60.546875	-196.582031
64770.459399	0.621211	60.546875	-196.582031
64770.461399	0.628270	60.546875	-196.582031
64770.463398	0.626454	6.890991	1.096539
64771.483464	0.623173	130.566406	204.296875
64771.485467	0.628056	130.566406	204.296875
64771.487467	0.626213	6.888341	1.016212
64772.547504	0.566016	100.292969	-194.140625
64772.549506	0.629679	100.292969	-194.140625
64772.551506	0.627296	6.900252	1.221673
64773.569525	0.628961	128.320312	202.636719
64773.571526	0.626718	128.320312	202.636719
64773.573527	0.625211	6.877317	0.995699
64774.638064	0.629175	62.402344	-196.093750
64774.640067	0.627039	6.897434	1.122169
64775.646048	0.266780	125.878906	198.437500
64775.648051	0.551980	125.878906	198.437500
64775.650050	0.629228	125.878906	198.437500
64775.652049	0.626904	6.895946	1.058399
64776.724078	0.385734	67.089844	-193.554687
64776.728078	0.628455	67.089844	-193.554687
64776.730080	0.626554	67.089844	-193.554687
64776.732082	0.625162	6.876785	1.156949
64777.732069	0.441211	128.320312	195.507812
64777.734073	0.625621	128.320312	195.507812
64777.736071	0.628077	128.320312	195.507812
64777.738073	0.626275	6.889024	1.063858
64778.812594	0.320368	82.910156	-189.062500
64778.814597	0.584878	82.910156	-189.062500
64778.816596	0.628784	82.910156	-189.062500
64778.818597	0.626648	6.893127	1.115100
64779.818623	0.615861	128.222656	190.234375
64779.820624	0.627960	128.222656	190.234375
64779.822627	0.626073	6.886800	1.061223
64780.902639	0.481523	77.246094	-185.058594
64780.904641	0.629710	77.246094	-185.058594
64780.906641	0.628627	6.914902	1.058815
64781.904640	0.252645	129.296875	185.449219
64781.906641	0.542213	129.296875	185.449219
64781.908641	0.629389	129.296875	185.449219
64781.910641	0.627045	6.897496	1.060469
64782.988683	0.603672	58.789062	-182.324219
64782.990686	0.628505	58.789062	-182.324219
64782.992684	0.626566	6.892223	1.065737
64783.995179	0.626911	128.906250	180.273437
64783.997182	0.625233	6.877565	1.080740
64785.071235	0.313139	64.355469	-178.710937
64785.073237	0.581026	64.355469	-178.710937
64785.075239	0.628962	64.355469	-178.710937
64785.077239	0.626807	6.894882	1.065351
64786.081271	0.610403	135.742187	179.492187
64786.083272	0.628798	135.742187	179.492187
64786.085272	0.626860	6.895458	1.098179
64787.159376	0.629712	88.183594	-174.902344
64787.161377	0.627867	6.906536	1.022954
64788.167935	0.333272	139.453125	178.125000
64788.169937	0.591519	139.453125	178.125000
64788.171938	0.628635	139.453125	178.125000
64788.173937	0.626565	6.892214	1.099014
64789.242871	0.573324	43.554687	-176.464844
64789.246871	0.627475	43.554687	-176.464844
64789.248873	0.625987	6.885860	1.029139
64790.256864	0.327989	133.105469	172.851562
64790.258867	0.588878	133.105469	172.851562
64790.260868	0.628819	133.105469	172.851562
64790.262867	0.626731	6.894040	1.128191
64791.328931	0.628296	75.195312	-173.730469
64791.330934	0.627470	6.902167	0.995471
64792.349456	0.629632	134.277344	172.265625
64792.351458	0.627382	6.901200	1.170898
64793.411505	0.436204	56.542969	-175.097656
64793.413507	0.625282	56.542969	-175.097656
64793.415508	0.628652	56.542969	-175.097656
64793.417506	0.626791	6.894696	1.003510
64794.435565	0.442067	134.667969	171.777344
64794.437566	0.625837	134.667969	171.777344
64794.439567	0.627881	134.667969	171.777344
64794.441567	0.625990	6.885886	1.063305
64795.495574	0.317538	41.113281	-176.171875
64795.497576	0.583577	41.113281	-176.171875
64795.501573	0.627015	41.113281	-176.171875
64795.503573	0.625498	6.880481	1.048199
64796.519614	0.322130	133.886719	171.191406
64796.521615	0.586042	133.886719	171.191406
64796.523617	0.629191	133.886719	171.191406
64796.525618	0.629085	6.919936	1.130075
64797.581631	0.494035	58.789062	-175.585937
64797.583634	0.628964	58.789062	-175.585937
64797.585635	0.627408	6.901493	1.019230
64798.611649	0.628828	137.988281	172.753906
64798.613650	0.627678	6.904462	1.045140
64799.666169	0.446825	92.871094	-173.242187
64799.668170	0.626606	92.871094	-173.242187
64799.670171	0.628298	6.911277	1.046243
64800.694190	0.436563	134.765625	170.996094
64800.696192	0.625071	134.765625	170.996094
64800.698192	0.628320	134.765625	170.996094
64800.700193	0.626546	6.892010	1.072035
64801.756216	0.579625	88.574219	-174.218750
64801.758218	0.629705	88.574219	-174.218750
64801.760218	0.627472	6.902193	1.196703
64802.778236	0.313680	140.039062	173.046875
64802.780237	0.581333	140.039062	173.046875
64802.782237	0.628942	140.039062	173.046875
64802.784239	0.626716	6.893880	1.085129
64803.840662	2.821126	73.632812	-175.585937
64803.848027	0.629780	73.632812	-175.585937
64803.850026	0.627881	6.906686	1.019366
64804.864571	0.526750	134.960937	171.386719
64804.866573	0.629913	134.960937	171.386719
64804.868574	0.627640	6.904037	1.104274
64805.930619	0.615722	44.824219	-178.125000
64805.932620	0.628148	44.824219	-178.125000
64805.934623	0.626290	6.889192	1.058908
64806.949061	0.475939	129.980469	169.042969
64806.951063	0.628668	129.980469	169.042969
64806.953065	0.627878	6.906660	1.071412
64808.021945	0.628380	82.324219	-178.027344
64808.027946	0.624280	6.867081	1.045086
64809.034516	1.129888	128.515625	170.117187
64809.036518	0.629253	128.515625	170.117187
64809.038518	0.626878	6.895661	1.073231
64810.107029	0.469475	94.628906	-178.808594
64810.109029	0.628612	94.628906	-178.808594
64810.111029	0.628254	6.910799	1.048944
64811.117960	0.351427	134.570312	176.269531
64811.119961	0.599645	134.570312	176.269531
64811.121961	0.628213	134.570312	176.269531
64811.123965	0.626208	6.888288	1.089275
64812.198471	0.630424	47.070312	-184.960937
64812.200471	0.628039	6.908424	1.090550
64813.202464	0.299214	127.246094	176.660156
64813.204468	0.573028	127.246094	176.660156
64813.206468	0.629120	127.246094	176.660156
64813.208468	0.626894	6.895839	1.051020
64814.284496	0.403369	74.414062	-187.304687
64814.286497	0.617902	74.414062	-187.304687
64814.288498	0.628168	74.414062	-187.304687
64814.290498	0.626241	6.888652	1.045225
64815.288528	0.476502	126.171875	180.175781
64815.290530	0.628134	126.171875	180.175781
64815.292531	0.627388	6.901271	1.057616
64816.370980	0.597518	115.039062	-187.207031
64816.372981	0.628477	115.039062	-187.207031
64816.374980	0.626449	6.890938	1.083390
64817.378968	0.617508	129.003906	186.523437
64817.380972	0.628093	129.003906	186.523437
64817.382969	0.626178	6.887960	0.993345
64818.457513	0.280246	72.656250	-195.019531
64818.459515	0.561159	72.656250	-195.019531
64818.461518	0.629201	72.656250	-195.019531
64818.463520	0.626946	6.896406	1.053499
64819.461546	0.359255	126.464844	188.574219
64819.463548	0.603084	126.464844	188.574219
64819.465548	0.628433	126.464844	188.574219
64819.467553	0.626441	6.890850	1.023873
64820.545564	0.627657	46.777344	-200.097656
64820.547564	0.628130	6.909425	1.038347
64821.553532	0.629397	126.562500	191.894531
64821.555535	0.627394	6.901334	0.989742
64822.631594	0.629115	87.792969	-200.000000
64822.633597	0.627098	87.792969	-200.000000
64822.635597	0.625557	6.881128	1.246671
64823.641568	0.608371	122.656250	191.210937
64823.645569	0.626436	122.656250	191.210937
64823.647569	0.625055	6.875607	0.993033
64824.711606	0.630135	63.867187	-203.222656
64824.713609	0.628054	6.908592	1.059088
64825.727588	0.228119	124.804687	192.480469
64825.729592	0.242635	124.804687	192.480469
64825.731590	0.633372	124.804687	192.480469
64825.733590	0.631147	6.942614	1.039681
64826.793639	0.396063	57.519531	-204.394531
64826.795640	0.615531	57.519531	-204.394531
64826.797640	0.617268	57.519531	-204.394531
64826.799641	0.625973	6.885700	1.050789
64827.819644	0.615810	126.464844	192.675781
64827.821646	0.627993	126.464844	192.675781
64827.823646	0.626058	6.886640	1.009579
64828.881681	0.629971	29.785156	-205.468750
64828.883683	0.627660	6.904258	1.117517
64829.907681	0.545118	131.933594	194.433594
64829.909687	0.629406	131.933594	194.433594
64829.911690	0.627068	6.897753	1.013867
64830.964214	0.516288	41.113281	-204.101562
64830.966215	0.630323	41.113281	-204.101562
64830.968214	0.628047	6.908512	1.012040
64831.996249	0.496450	130.371094	192.285156
64831.998252	0.630203	130.371094	192.285156
64832.000258	0.628502	6.913519	0.985373
64833.050309	0.618736	65.234375	-201.953125
64833.052312	0.620177	65.234375	-201.953125
64833.054311	0.626222	6.888439	1.009412
64834.086845	0.625936	133.203125	191.406250
64834.088848	0.628237	133.203125	191.406250
64834.090848	0.626453	6.890982	1.008028
64835.135812	0.629078	64.160156	-201.367187
64835.137813	0.627279	6.900066	1.007457
64836.170353	0.532313	131.250000	188.769531
64836.172357	0.630204	131.250000	188.769531
64836.174357	0.627795	6.905747	1.059740
64837.220385	0.627622	23.632812	-202.441406
64837.222384	0.627988	6.907865	1.028894
64838.258342	0.397368	128.710937	186.328125
64838.260343	0.616526	128.710937	186.328125
64838.262343	0.628552	128.710937	186.328125
64838.266344	0.625291	6.878203	1.002800
64839.302389	0.331807	50.292969	-201.269531
64839.304391	0.590971	50.292969	-201.269531
64839.306391	0.629122	50.292969	-201.269531
64839.308391	0.626957	6.896530	1.065477
64840.342449	0.282384	128.710937	186.035156
64840.344454	0.562499	128.710937	186.035156
64840.346452	0.629048	128.710937	186.035156
64840.348452	0.626749	6.894244	1.058267
64841.392453	0.494074	46.093750	-201.953125
64841.394455	0.629362	46.093750	-201.953125
64841.396458	0.627725	6.904976	1.007137
64842.432498	0.441726	128.515625	185.644531
64842.434499	0.626771	128.515625	185.644531
64842.436499	0.628710	128.515625	185.644531
64842.438500	0.626948	6.896432	0.975132
64843.476494	0.373404	37.402344	-203.417969
64843.478496	0.608470	37.402344	-203.417969
64843.480497	0.628304	37.402344	-203.417969
64843.482497	0.626326	6.889582	1.112962
64844.516474	0.312520	127.246094	185.644531
64844.520474	0.628814	127.246094	185.644531
64844.522477	0.626629	127.246094	185.644531
64844.526474	0.623880	6.862677	1.022641
64845.568495	0.629331	41.796875	-204.101562
64845.570497	0.627143	6.898577	1.022544
64846.604515	0.629199	125.488281	185.937500
64846.606517	0.627844	6.906288	0.975245
64847.650498	0.399855	46.191406	-204.687500
64847.652501	0.616956	46.191406	-204.687500
64847.654499	0.628414	46.191406	-204.687500
64847.656499	0.626486	6.891346	1.060270
64848.688495	0.601072	126.074219	187.695312
64848.690498	0.628350	126.074219	187.695312
64848.692495	0.626356	6.889919	0.989136
64849.742956	0.628513	72.265625	-204.980469
64849.746956	0.624826	6.873081	1.043157
64850.771494	0.376303	130.664062	191.210937
64850.773497	0.609373	130.664062	191.210937
64850.775496	0.628034	130.664062	191.210937
64850.777497	0.626089	6.886977	0.973410
64851.828040	0.343207	36.816406	-208.496094
64851.830043	0.596519	36.816406	-208.496094
64851.832042	0.629287	36.816406	-208.496094
64851.834042	0.627182	6.899003	1.069627
64852.856094	0.336299	129.882812	191.503906
64852.858096	0.592667	129.882812	191.503906
64852.860095	0.628304	129.882812	191.503906
64852.862095	0.626160	6.887756	0.965816
64853.917031	0.347468	82.812500	-206.835937
64853.919031	0.598164	82.812500	-206.835937
64853.921031	0.628688	82.812500	-206.835937
64853.923032	0.626658	6.893242	1.032026
64854.943015	0.597110	128.027344	190.234375
64854.945018	0.628576	128.027344	190.234375
64854.947017	0.626529	6.891816	0.947729
64856.005920	0.336907	67.480469	-207.714844
64856.007922	0.593207	67.480469	-207.714844
64856.009919	0.628581	67.480469	-207.714844
64856.011922	0.626437	6.890805	1.044498
64857.027883	0.597393	120.800781	185.351562
64857.029885	0.628557	120.800781	185.351562
64857.031886	0.626550	6.892045	0.936931
64858.094801	0.325210	64.746094	-206.250000
64858.096802	0.587477	64.746094	-206.250000
64858.098805	0.628923	64.746094	-206.250000
64858.100803	0.626759	6.894350	1.050104
64859.108831	0.673378	129.296875	189.257812
64859.110834	0.628666	129.296875	189.257812
64859.112834	0.626732	6.894049	0.979311
64860.185360	0.548828	57.421875	-204.394531
64860.187363	0.629601	57.421875	-204.394531
64860.189360	0.627246	6.899703	1.109570
64861.191361	0.322886	127.832031	184.765625
64861.193362	0.586056	127.832031	184.765625
64861.195361	0.628610	127.832031	184.765625
64861.197363	0.626500	6.891496	0.988387
64862.273377	0.424210	45.898437	-201.367187
64862.275377	0.622376	45.898437	-201.367187
64862.277378	0.627834	45.898437	-201.367187
64862.279377	0.626028	6.886303	1.031928
64863.277378	0.493754	125.390625	179.687500
64863.279382	0.629725	125.390625	179.687500
64863.281381	0.628137	6.909505	0.995380
64864.357365	0.289996	55.566406	-197.753906
64864.359366	0.567311	55.566406	-197.753906
64864.361366	0.629285	55.566406	-197.753906
64864.363365	0.627026	6.897284	1.050704
64865.365373	0.351324	131.445312	178.417969
64865.367374	0.599863	131.445312	178.417969
64865.369373	0.628655	131.445312	178.417969
64865.371373	0.626596	6.892551	1.003702
