time (s)	coil I (A)	last det (V)	int current (uC)
70169.286585	0.633267	262.695312	48.144531
70169.288587	0.635636	262.695312	48.144531
70169.290587	0.633842	6.972259	0.966557
70170.308608	0.451197	83.984375	-577.050781
70170.310607	0.633272	83.984375	-577.050781
70170.312605	0.635177	6.986943	0.886288
70171.384633	0.637492	253.515625	48.632812
70171.386634	0.634973	6.984702	1.026260
70172.396614	0.307054	85.156250	-598.046875
70172.398615	0.582702	85.156250	-598.046875
70172.400617	0.636832	85.156250	-598.046875
70172.402616	0.634442	6.978861	1.034731
70173.472616	0.631231	245.898437	53.222656
70173.474619	0.635314	245.898437	53.222656
70173.476618	0.633508	6.968590	0.845210
70174.494686	0.445153	88.085937	-618.750000
70174.496682	0.633131	88.085937	-618.750000
70174.498684	0.635700	88.085937	-618.750000
70174.500681	0.633924	6.973163	0.915719
70175.558706	0.303984	236.035156	58.300781
70175.560710	0.580733	236.035156	58.300781
70175.562709	0.636438	236.035156	58.300781
70175.564709	0.634089	6.974979	0.733965
70176.586715	0.636905	110.839844	-578.417969
70176.588715	0.634537	6.979907	1.199104
70177.641249	0.558555	235.156250	66.210937
70177.643251	0.636720	235.156250	66.210937
70177.645251	0.636632	7.002949	0.761438
70178.679787	0.293156	108.496094	-597.070312
70178.681788	0.574256	108.496094	-597.070312
70178.683790	0.636796	108.496094	-597.070312
70178.685794	0.634349	6.977842	1.074940
70179.731814	0.637233	226.464844	65.234375
70179.733816	0.635149	6.986642	0.626025
70180.770371	0.532010	121.386719	-568.847656
70180.772372	0.637395	121.386719	-568.847656
70180.774374	0.634945	6.984400	1.216813
70181.810365	0.480177	227.441406	65.917969
70181.812369	0.635874	227.441406	65.917969
70181.814376	0.635151	6.986660	0.716483
70182.866380	0.368408	112.304687	-592.187500
70182.868382	0.612712	112.304687	-592.187500
70182.870384	0.636377	112.304687	-592.187500
70182.872382	0.634252	6.976769	1.141223
70183.898424	0.345171	231.835937	68.652344
70183.900426	0.602451	231.835937	68.652344
70183.902426	0.636047	231.835937	68.652344
70183.904426	0.635915	6.995070	0.660455
70184.956418	0.524793	115.234375	-585.546875
70184.958421	0.636512	115.234375	-585.546875
70184.960422	0.634295	6.977248	1.278066
70185.990427	0.637160	223.339844	59.667969
70185.992430	0.635401	6.989416	0.640219
70187.052458	0.362144	125.390625	-558.789062
70187.054458	0.610167	125.390625	-558.789062
70187.056458	0.636341	125.390625	-558.789062
70187.058459	0.634222	6.976442	1.059038
70188.078427	0.608566	232.714844	66.113281
70188.080430	0.636434	232.714844	66.113281
70188.082430	0.634363	6.977992	0.672128
70189.143018	0.577635	123.730469	-563.867187
70189.147020	0.634329	123.730469	-563.867187
70189.149020	0.632925	6.962173	1.085158
70190.165591	0.387282	231.835937	64.941406
70190.167593	0.619007	231.835937	64.941406
70190.169591	0.635621	231.835937	64.941406
70190.171593	0.633718	6.970893	0.701738
70191.231613	0.539351	119.531250	-575.878906
70191.233614	0.638524	119.531250	-575.878906
70191.235615	0.635921	6.995132	1.085026
70192.256158	0.593524	232.617187	66.113281
70192.258159	0.636432	232.617187	66.113281
70192.260159	0.634111	6.975219	0.750330
70193.314203	0.637286	112.109375	-596.093750
70193.316203	0.635127	6.986394	1.228791
70194.352204	0.463374	231.445312	65.136719
70194.354206	0.634619	231.445312	65.136719
70194.356205	0.635245	6.987697	0.684373
70195.402765	0.634402	120.410156	-573.046875
70195.404769	0.635103	120.410156	-573.046875
70195.406766	0.633358	6.966941	1.173444
70196.440799	0.409061	230.664062	62.695312
70196.442799	0.625884	230.664062	62.695312
70196.444799	0.636181	230.664062	62.695312
70196.446800	0.634265	6.976911	0.752983
70197.488794	0.319878	112.207031	-591.113281
70197.490795	0.589990	112.207031	-591.113281
70197.492794	0.636943	112.207031	-591.113281
70197.494795	0.634553	6.980084	1.083179
70198.538816	0.532118	238.085937	62.109375
70198.540816	0.638457	238.085937	62.109375
70198.542818	0.635936	6.995301	0.775073
70199.572858	0.636951	116.894531	-571.875000
70199.574861	0.634870	6.983567	1.101439
70200.635414	0.454949	245.410156	58.691406
70200.637416	0.634213	245.410156	58.691406
70200.643413	0.632607	6.958673	0.762477
70201.659455	0.460884	102.832031	-595.214844
70201.663455	0.635953	102.832031	-595.214844
70201.665457	0.634169	6.975857	0.999642
70202.723477	0.317876	256.250000	54.101562
70202.727477	0.636472	256.250000	54.101562
70202.729481	0.634142	256.250000	54.101562
70202.731480	0.632806	6.960861	0.912765
70203.747461	0.316228	101.660156	-579.199219
70203.749464	0.587690	101.660156	-579.199219
70203.751463	0.636359	101.660156	-579.199219
70203.753463	0.634071	6.974776	0.896230
70204.813443	0.470159	267.871094	50.781250
70204.815443	0.635588	267.871094	50.781250
70204.817443	0.635641	6.992048	0.961475
70205.837432	0.468933	87.695312	-600.097656
70205.841432	0.635156	87.695312	-600.097656
70205.843434	0.633369	6.967057	0.883000
70206.903438	0.592390	275.781250	46.679687
70206.905440	0.636240	275.781250	46.679687
70206.907440	0.633960	6.973561	0.981783
70207.925965	0.405724	91.503906	-578.808594
70207.927968	0.624413	91.503906	-578.808594
70207.929967	0.635415	91.503906	-578.808594
70207.931965	0.633542	6.968962	0.911652
70208.992011	0.554224	271.582031	40.722656
70208.996011	0.634320	271.582031	40.722656
70208.998013	0.632909	6.961997	0.956926
70210.022024	0.236854	96.093750	-569.335937
70210.024026	0.535485	96.093750	-569.335937
70210.026026	0.638150	96.093750	-569.335937
70210.028024	0.635643	6.992075	0.880900
70211.072575	0.532547	280.371094	43.359375
70211.074577	0.637763	280.371094	43.359375
70211.076577	0.635306	6.988361	1.060594
70212.122608	0.634164	95.703125	-575.390625
70212.124611	0.635484	6.990329	0.772969
70213.163125	0.635774	277.050781	42.382812
70213.165126	0.635281	6.988087	0.943953
70214.213159	0.635908	105.664062	-559.179687
70214.215160	0.633987	6.973854	0.935818
70215.243662	0.634260	283.300781	46.386719
70215.245662	0.637844	283.300781	46.386719
70215.247664	0.635852	6.994370	1.061736
70216.306662	0.446016	94.433594	-597.167969
70216.308663	0.633142	94.433594	-597.167969
70216.310663	0.635308	94.433594	-597.167969
70216.312662	0.633520	6.968723	0.867474
70217.330699	0.453350	276.269531	45.312500
70217.332701	0.633417	276.269531	45.312500
70217.334700	0.635072	6.985791	1.021446
70218.396715	0.584332	98.925781	-590.820312
70218.398717	0.636687	98.925781	-590.820312
70218.400717	0.634367	6.978037	0.917586
70219.420749	0.587022	276.074219	46.289062
70219.422748	0.636392	276.074219	46.289062
70219.424748	0.634085	6.974935	0.985325
70220.485270	0.542504	110.546875	-564.746094
70220.487271	0.637275	110.546875	-564.746094
70220.489272	0.634713	6.981839	0.986754
70221.509846	0.598334	275.683594	46.289062
70221.513845	0.634100	275.683594	46.289062
70221.515847	0.632690	6.959595	1.015055
70222.584374	0.637403	102.050781	-587.988281
70222.586376	0.634972	6.984693	0.877081
70223.598884	0.603206	268.652344	42.285156
70223.602884	0.633530	268.652344	42.285156
70223.606885	0.631040	6.941436	1.088132
70224.662900	0.504664	97.656250	-598.632812
70224.664903	0.636323	97.656250	-598.632812
70224.666901	0.636388	7.000273	0.984645
70225.685807	0.343181	276.562500	44.042969
70225.687811	0.355260	276.562500	44.042969
70225.689811	0.635613	276.562500	44.042969
70225.691810	0.635498	6.990480	1.148200
70226.751803	0.497934	102.246094	-584.472656
70226.753805	0.636277	102.246094	-584.472656
70226.755805	0.634706	6.981768	0.964679
70227.785849	0.635230	279.101562	43.261719
70227.787851	0.634817	6.982991	0.948468
70228.844432	0.635555	89.843750	-612.109375
70228.846436	0.633754	6.971293	0.885422
70229.872954	0.497485	289.648437	44.824219
70229.874955	0.636902	289.648437	44.824219
70229.876955	0.635334	6.988671	1.047257
70230.928965	0.386301	96.679687	-588.671875
70230.930968	0.618611	96.679687	-588.671875
70230.932966	0.635372	96.679687	-588.671875
70230.934967	0.633451	6.967960	0.853303
70231.968979	0.328917	278.613281	39.550781
70231.970981	0.594425	278.613281	39.550781
70231.972982	0.636280	278.613281	39.550781
70231.974980	0.634052	6.974572	1.042724
70233.008988	0.267497	95.117187	-588.378906
70233.010992	0.557126	95.117187	-588.378906
70233.012991	0.636637	95.117187	-588.378906
70233.014990	0.634182	6.975998	0.955755
70234.061005	0.636251	291.601562	42.968750
70234.063007	0.635085	6.985933	1.153088
70235.099507	0.505087	87.109375	-606.445312
70235.101509	0.637531	87.109375	-606.445312
70235.103510	0.635579	6.991365	0.819338
70236.155530	0.394504	279.785156	40.332031
70236.157531	0.621118	279.785156	40.332031
70236.159534	0.635372	279.785156	40.332031
70236.161536	0.633400	6.967402	1.123146
70237.186441	0.633143	97.851562	-582.714844
70237.188444	0.631940	6.951344	0.976707
70238.252962	0.436793	281.445312	45.214844
70238.256963	0.635498	281.445312	45.214844
70238.258965	0.635308	281.445312	45.214844
70238.260965	0.632340	6.955739	0.989336
70239.269497	0.536056	92.382812	-609.667969
70239.271499	0.637399	92.382812	-609.667969
70239.275498	0.633424	6.967668	1.036199
70240.341500	0.373839	278.320312	51.074219
70240.343503	0.614254	278.320312	51.074219
70240.345502	0.635529	278.320312	51.074219
70240.347503	0.633516	6.968678	0.950239
70241.357498	0.402559	99.609375	-605.078125
70241.359500	0.623880	99.609375	-605.078125
70241.361502	0.635654	99.609375	-605.078125
70241.363501	0.633693	6.970619	1.108976
70242.431491	0.524290	266.601562	54.101562
70242.435494	0.634622	266.601562	54.101562
70242.437494	0.633058	6.963635	0.865825
70243.455488	0.279743	109.570312	-592.187500
70243.457489	0.636997	109.570312	-592.187500
70243.459489	0.634728	6.982008	1.037865
70244.520000	0.460763	252.929687	53.417969
70244.522003	0.634440	252.929687	53.417969
70244.524004	0.635258	6.987839	0.762553
70245.544042	0.467152	111.914062	-593.847656
70245.546043	0.635252	111.914062	-593.847656
70245.548044	0.635602	6.991622	1.177619
70246.600046	0.351998	251.269531	58.691406
70246.602049	0.605357	251.269531	58.691406
70246.604048	0.635666	251.269531	58.691406
70246.608047	0.632151	6.953657	0.839758
70247.640036	0.291125	108.886719	-606.445312
70247.642036	0.572722	108.886719	-606.445312
70247.644039	0.636300	108.886719	-606.445312
70247.646038	0.633938	6.973313	1.153141
70248.690067	0.508895	245.898437	58.398437
70248.694067	0.635653	245.898437	58.398437
70248.696070	0.634025	6.974270	0.726989
70249.730077	0.455824	115.820312	-589.257812
70249.732079	0.634936	115.820312	-589.257812
70249.734078	0.636295	6.999245	1.233204
70250.778129	0.377239	245.703125	59.277344
70250.780130	0.615552	245.703125	59.277344
70250.782132	0.635565	245.703125	59.277344
70250.784130	0.633621	6.969830	0.708177
70251.826119	0.282241	117.675781	-585.937500
70251.828121	0.566848	117.675781	-585.937500
70251.830120	0.636223	117.675781	-585.937500
70251.832120	0.633834	6.972178	1.130829
70252.860119	0.548810	247.558594	60.449219
70252.862122	0.637354	247.558594	60.449219
70252.864123	0.634856	6.983417	0.919176
70253.916141	0.442732	112.109375	-602.441406
70253.918145	0.633051	112.109375	-602.441406
70253.920145	0.635447	112.109375	-602.441406
70253.922146	0.633645	6.970096	1.235052
70254.948147	0.419666	252.539062	63.378906
70254.950148	0.628586	252.539062	63.378906
70254.952148	0.636081	252.539062	63.378906
70254.954150	0.634178	6.975963	0.891576
70256.005056	0.442480	116.308594	-590.234375
70256.007058	0.633208	116.308594	-590.234375
70256.009058	0.636493	116.308594	-590.234375
70256.011057	0.634631	6.980944	1.191253
70257.045092	0.389991	243.652344	56.640625
70257.047095	0.620175	243.652344	56.640625
70257.049094	0.635896	243.652344	56.640625
70257.051097	0.633940	6.973340	0.702334
70258.093128	0.307059	120.800781	-577.148437
70258.095130	0.582217	120.800781	-577.148437
70258.097129	0.635915	120.800781	-577.148437
70258.099130	0.633679	6.970469	1.266095
70259.135163	0.545548	247.363281	58.105469
70259.137164	0.636568	247.363281	58.105469
70259.139164	0.634155	6.975706	0.850100
70260.185145	0.634483	115.234375	-591.210937
70260.187148	0.634705	6.981750	1.185979
70261.223155	0.412238	248.730469	57.421875
70261.225158	0.626060	248.730469	57.421875
70261.227158	0.635181	248.730469	57.421875
70261.229159	0.633364	6.967004	0.829781
70262.275125	0.636860	113.378906	-594.335937
70262.277127	0.634491	113.378906	-594.335937
70262.279127	0.633127	6.964398	1.133378
70263.323096	0.637562	252.636719	56.835937
70263.325095	0.635248	6.987723	0.773729
70264.353616	0.562841	107.226562	-608.886719
70264.357615	0.634363	107.226562	-608.886719
70264.359618	0.632889	6.961783	1.243157
70265.409664	0.470150	255.273437	52.636719
70265.411664	0.635018	255.273437	52.636719
70265.413665	0.635043	6.985473	0.925918
70266.443706	0.632985	112.890625	-588.671875
70266.445707	0.635256	112.890625	-588.671875
70266.447707	0.633449	6.967942	1.096769
70267.506253	0.385832	268.652344	52.734375
70267.510251	0.635070	268.652344	52.734375
70267.512255	0.633209	268.652344	52.734375
70267.514253	0.631769	6.949456	0.916660
70268.532816	0.477768	101.464844	-612.695312
70268.534818	0.634970	101.464844	-612.695312
70268.536817	0.633220	6.965417	0.984086
70269.594841	0.330483	276.855469	47.753906
70269.596842	0.595240	276.855469	47.753906
70269.598843	0.636289	276.855469	47.753906
70269.600843	0.634066	6.974722	1.008016
70270.620838	0.594617	95.117187	-620.214844
70270.622842	0.635605	95.117187	-620.214844
70270.624842	0.633456	6.968013	0.936435
70271.684869	1.949046	286.621094	44.140625
70271.686872	0.636235	286.621094	44.140625
70271.688872	0.636371	7.000077	1.084571
70272.708912	0.496586	90.527344	-624.316406
70272.710913	0.636784	90.527344	-624.316406
70272.712914	0.635207	6.987280	0.936289
70273.772920	0.352621	291.015625	40.136719
70273.774919	0.605783	291.015625	40.136719
70273.776919	0.636076	291.015625	40.136719
70273.778920	0.633990	6.973889	1.099222
70274.796909	0.350772	95.019531	-606.738281
70274.798910	0.604840	95.019531	-606.738281
70274.800913	0.635957	95.019531	-606.738281
70274.802913	0.633844	6.972285	0.983780
70275.862918	0.506374	299.414062	39.160156
70275.864920	0.636737	299.414062	39.160156
70275.866921	0.634863	6.983496	1.013945
70276.895482	0.552261	86.035156	-633.789062
70276.897486	0.636588	86.035156	-633.789062
70276.899483	0.634220	6.976424	0.888569
70277.945920	0.637260	303.125000	38.476562
70277.947922	0.634714	6.981857	1.194183
70278.983937	0.487407	93.750000	-615.917969
70278.985939	0.636230	93.750000	-615.917969
70278.987940	0.635143	6.986571	0.953480
70280.031972	0.409036	300.000000	37.792969
70280.033974	0.625293	300.000000	37.792969
70280.035974	0.635266	300.000000	37.792969
70280.037975	0.633354	6.966897	1.083501
70281.081981	0.590080	97.070312	-612.109375
70281.083984	0.635964	97.070312	-612.109375
70281.085982	0.633775	6.971523	0.889066
70282.122007	0.555692	294.140625	36.035156
70282.124008	0.636811	294.140625	36.035156
70282.126010	0.634282	6.977098	1.030035
70283.170015	0.483895	98.437500	-613.378906
70283.172015	0.636220	98.437500	-613.378906
70283.174015	0.635157	6.986731	0.965459
70284.212001	0.628724	290.136719	36.035156
70284.214003	0.635099	290.136719	36.035156
70284.216003	0.633240	6.965639	1.033287
70285.266021	0.311253	107.910156	-590.527344
70285.268022	0.584906	107.910156	-590.527344
70285.270021	0.636527	107.910156	-590.527344
70285.272021	0.636390	7.000290	0.913585
70286.299999	0.563493	288.281250	35.839844
70286.301999	0.636859	288.281250	35.839844
70286.303999	0.634410	6.978506	0.989324
70287.356464	0.529949	110.644531	-583.984375
70287.358464	0.535278	110.644531	-583.984375
70287.360463	0.634841	6.983248	0.911084
70288.387406	0.347232	292.089844	36.914062
70288.389408	0.603072	292.089844	36.914062
70288.391407	0.635584	292.089844	36.914062
70288.393408	0.633548	6.969033	0.981698
70289.445431	0.531331	95.800781	-627.636719
70289.447434	0.637578	95.800781	-627.636719
70289.449434	0.635119	6.986305	0.927445
70290.475902	0.273649	298.046875	37.402344
70290.477904	0.561372	298.046875	37.402344
70290.479904	0.636645	298.046875	37.402344
70290.481903	0.634237	6.976610	1.059675
70291.535944	0.635434	93.066406	-633.789062
70291.537947	0.635355	6.988902	0.887335
70292.565929	1.556143	306.250000	38.964844
70292.567932	0.631486	306.250000	38.964844
70292.569934	0.635052	306.250000	38.964844
70292.571937	0.633286	6.966144	1.168002
70293.622481	2.349460	93.457031	-630.371094
70293.624482	0.624918	93.457031	-630.371094
70293.626483	0.635530	93.457031	-630.371094
70293.628485	0.633661	6.970273	0.853007
70294.654487	0.378432	308.593750	38.281250
70294.656490	0.615667	308.593750	38.281250
70294.658491	0.635308	308.593750	38.281250
70294.660492	0.633356	6.966914	1.235248
70295.702576	0.303789	99.414062	-609.277344
70295.704579	0.580458	99.414062	-609.277344
70295.706579	0.636197	99.414062	-609.277344
70295.708581	0.633917	6.973083	1.001058
70296.752592	0.517828	306.445312	36.816406
70296.754595	0.637490	306.445312	36.816406
70296.756593	0.635198	6.987183	1.084116
70297.792631	0.470356	101.660156	-599.414062
70297.796632	0.634754	101.660156	-599.414062
70297.798633	0.633021	6.963228	0.965488
70298.843197	0.634726	311.035156	38.085937
70298.845198	0.634983	311.035156	38.085937
70298.847198	0.633286	6.966144	1.236905
70299.881242	0.418373	98.730469	-604.980469
70299.883242	0.627775	98.730469	-604.980469
70299.885243	0.635634	98.730469	-604.980469
70299.887243	0.633730	6.971026	0.848621
70300.938216	0.448534	302.246094	36.816406
70300.940221	0.633005	302.246094	36.816406
70300.942218	0.635097	302.246094	36.816406
70300.944218	0.633341	6.966746	1.115629
70301.964273	0.634034	100.976562	-601.367187
70301.966275	0.635030	6.985331	1.025339
70303.034790	0.360183	292.480469	37.402344
70303.036793	0.608947	292.480469	37.402344
70303.038793	0.635706	292.480469	37.402344
70303.040792	0.633715	6.970867	1.012502
70304.050849	0.399358	107.812500	-585.937500
70304.052849	0.622483	107.812500	-585.937500
70304.056849	0.633292	107.812500	-585.937500
70304.058849	0.631943	6.951370	1.040500
70305.126890	0.636927	285.644531	40.039062
70305.128897	0.634660	6.981263	0.981133
70306.140918	0.552434	95.703125	-627.929687
70306.142920	0.637138	95.703125	-627.929687
70306.144920	0.634625	6.980873	1.150997
70307.212880	0.387406	281.640625	44.238281
70307.214881	0.618897	281.640625	44.238281
70307.216882	0.620216	281.640625	44.238281
70307.218882	0.635233	6.987564	0.966903
70308.230895	0.627135	116.503906	-575.000000
70308.232896	0.635224	116.503906	-575.000000
70308.234896	0.633382	6.967207	1.203929
70309.301429	0.325288	272.167969	46.679687
70309.303431	0.592729	272.167969	46.679687
70309.305433	0.636458	272.167969	46.679687
70309.307432	0.634220	6.976424	0.916652
70310.325419	0.322357	108.007812	-602.148437
70310.327420	0.590866	108.007812	-602.148437
70310.329422	0.636060	108.007812	-602.148437
70310.331423	0.633851	6.972356	1.138464
70311.391429	0.480331	265.917969	48.144531
70311.393432	0.636308	265.917969	48.144531
70311.395431	0.635571	6.991286	0.823801
70312.415458	0.485367	113.281250	-587.792969
70312.417460	0.636167	113.281250	-587.792969
70312.419460	0.635132	6.986456	1.287203
70313.471502	1.778055	272.070312	56.542969
70313.473503	0.615302	272.070312	56.542969
70313.475505	0.635310	272.070312	56.542969
70313.477504	0.633357	6.966924	0.873453
70314.511493	0.317505	117.675781	-575.097656
70314.513494	0.588396	117.675781	-575.097656
70314.515496	0.636532	117.675781	-575.097656
70314.517495	0.634251	6.976761	1.183057
70315.563532	0.637769	264.062500	53.027344
70315.565534	0.635173	264.062500	53.027344
70315.567536	0.633653	6.970185	0.848893
70316.603584	0.635654	126.074219	-552.734375
70316.605587	0.634614	6.980758	1.232384
70317.650111	0.481412	266.503906	55.566406
70317.652112	0.636334	266.503906	55.566406
70317.654114	0.635532	6.990851	0.774392
70318.689045	0.259628	125.097656	-555.371094
70318.691046	0.551553	125.097656	-555.371094
70318.695046	0.634499	125.097656	-555.371094
70318.697049	0.632969	6.962661	1.361464
70319.739066	0.478303	263.085937	53.027344
70319.741068	0.635537	263.085937	53.027344
70319.743068	0.634943	6.984374	0.782485
70320.779079	0.423095	118.554687	-572.265625
70320.781081	0.628325	118.554687	-572.265625
70320.785079	0.633221	118.554687	-572.265625
70320.787081	0.631832	6.950148	1.361020
70321.827108	0.337742	267.578125	55.273437
70321.829109	0.598861	267.578125	55.273437
70321.831109	0.636062	267.578125	55.273437
70321.833109	0.633926	6.973189	0.869123
70322.867636	3.070389	129.101562	-542.968750
70322.869637	0.609299	129.101562	-542.968750
70322.871638	0.635610	129.101562	-542.968750
70322.873635	0.635525	6.990772	1.374668
70323.916166	0.354679	270.800781	55.566406
70323.918169	0.606773	270.800781	55.566406
70323.922166	0.633892	270.800781	55.566406
70323.924166	0.632512	6.957627	0.953073
70324.956707	0.379441	119.628906	-566.992187
70324.958710	0.616521	119.628906	-566.992187
70324.962708	0.635735	119.628906	-566.992187
70324.964708	0.632506	6.957565	1.329495
70326.014751	0.556513	268.359375	51.562500
70326.016753	0.636931	268.359375	51.562500
70326.018752	0.634416	6.978578	0.902823
70327.046802	0.541521	125.488281	-550.488281
70327.048805	0.637384	125.488281	-550.488281
70327.050804	0.634884	6.983727	1.252286
70328.102785	0.432569	270.996094	49.121094
70328.106784	0.635171	270.996094	49.121094
70328.108785	0.633312	270.996094	49.121094
70328.110786	0.632013	6.952141	0.893983
70329.134757	0.397315	117.285156	-572.949219
70329.136757	0.622019	117.285156	-572.949219
70329.138756	0.635521	117.285156	-572.949219
70329.140757	0.633603	6.969635	1.223428
70330.205281	0.634244	278.417969	47.753906
70330.207285	0.632850	278.417969	47.753906
70330.209283	0.631687	6.948552	0.855661
70331.215323	0.368314	125.292969	-550.976562
70331.217324	0.611786	125.292969	-550.976562
70331.219323	0.635137	125.292969	-550.976562
70331.221323	0.633140	6.964540	1.321072
70332.289365	0.499435	288.476562	45.800781
70332.291367	0.636966	288.476562	45.800781
70332.293365	0.635264	6.987901	0.945859
70333.303388	0.227541	104.785156	-604.101562
70333.305390	0.528197	104.785156	-604.101562
70333.307389	0.637833	104.785156	-604.101562
70333.309388	0.635384	6.989221	1.248413
70334.379421	0.611450	291.601562	40.039062
70334.381422	0.635530	291.601562	40.039062
70334.383426	0.633561	6.969166	1.057455
70335.394367	0.531621	96.679687	-623.535156
70335.396373	0.638259	96.679687	-623.535156
70335.398372	0.635750	6.993253	1.160417
70336.468367	0.610592	307.226562	39.941406
70336.470367	0.635762	307.226562	39.941406
70336.472368	0.633719	6.970911	1.117362
70337.490914	0.444199	96.484375	-622.167969
70337.492912	0.632723	96.484375	-622.167969
70337.494912	0.635183	96.484375	-622.167969
70337.496915	0.633375	6.967127	0.950886
70338.554903	0.299377	308.886719	35.449219
70338.556905	0.577850	308.886719	35.449219
70338.558905	0.636556	308.886719	35.449219
70338.560905	0.634174	6.975918	1.141155
70339.578884	0.295916	96.289062	-622.363281
70339.580886	0.575774	96.289062	-622.363281
70339.582887	0.636405	96.289062	-622.363281
70339.584885	0.634096	6.975059	1.045210
70340.644875	0.454231	312.792969	33.593750
70340.646877	0.633738	312.792969	33.593750
70340.648877	0.635268	6.987945	1.063819
70341.678920	0.630819	99.218750	-615.625000
70341.680921	0.635683	99.218750	-615.625000
70341.684919	0.632574	6.958310	0.891492
70342.725455	0.426061	319.726562	34.082031
70342.727455	0.629622	319.726562	34.082031
70342.729455	0.635717	319.726562	34.082031
70342.731455	0.633822	6.972046	1.246485
70343.765480	0.369280	94.726562	-633.398437
70343.767482	0.612888	94.726562	-633.398437
70343.769480	0.636050	94.726562	-633.398437
70343.771481	0.634040	6.974439	1.029638
70344.815534	0.572394	325.878906	35.449219
70344.817535	0.636649	325.878906	35.449219
70344.819535	0.634290	6.977186	1.183520
70345.863599	0.511654	91.113281	-649.316406
70345.865601	0.516954	91.113281	-649.316406
70345.867602	0.635172	6.986890	0.913775
70346.905551	0.633517	324.414062	35.058594
70346.909552	0.633637	6.970008	1.107079
70347.953591	0.613117	111.328125	-593.359375
70347.955591	0.636052	111.328125	-593.359375
70347.957593	0.634008	6.974093	0.930245
70348.994529	0.633728	314.648437	32.714844
70348.996533	0.635215	6.987369	1.083267
70350.040579	0.374973	103.417969	-617.871094
70350.042579	0.614695	103.417969	-617.871094
70350.044580	0.635516	103.417969	-617.871094
70350.046579	0.633494	6.968439	1.037612
70351.080583	0.317175	312.011719	32.031250
70351.082586	0.588163	312.011719	32.031250
70351.084585	0.636300	312.011719	32.031250
70351.086586	0.634048	6.974527	1.120498
70352.130604	0.529348	111.230469	-596.972656
70352.132604	0.637238	111.230469	-596.972656
70352.134604	0.634769	6.982459	1.081400
70353.173164	0.636667	320.312500	33.886719
70353.175162	0.634191	6.976096	1.173277
70354.231710	0.635135	92.871094	-649.414062
70354.235711	0.632520	6.957716	0.857904
70355.259761	0.504148	322.753906	33.496094
70355.261765	0.637049	322.753906	33.496094
70355.263764	0.635215	6.987369	1.184394
70356.307760	0.421109	107.226562	-606.640625
70356.309763	0.628188	107.226562	-606.640625
70356.311762	0.635200	107.226562	-606.640625
70356.313764	0.633289	6.966179	1.045630
70357.347756	0.362314	320.214844	32.421875
70357.349758	0.609918	320.214844	32.421875
70357.353755	0.634019	320.214844	32.421875
70357.355756	0.632570	6.958274	1.265665
70358.395783	0.275681	102.636719	-616.992187
70358.397786	0.562615	102.636719	-616.992187
70358.399787	0.636558	102.636719	-616.992187
70358.401785	0.634104	6.975148	0.997153
70359.445803	0.496186	323.730469	33.105469
70359.447805	0.636997	323.730469	33.105469
70359.449805	0.635352	6.988867	1.133509
70360.486393	0.523579	95.117187	-635.644531
70360.488394	0.637500	95.117187	-635.644531
70360.490396	0.635159	6.986749	0.896988
70361.534433	0.443864	321.679687	31.835937
70361.536435	0.632614	321.679687	31.835937
70361.538434	0.634911	321.679687	31.835937
70361.540437	0.633134	6.964478	1.206768
70362.574442	0.391531	96.777344	-626.855469
70362.576445	0.620286	96.777344	-626.855469
70362.578443	0.635390	96.777344	-626.855469
70362.580443	0.633416	6.967579	0.922907
70363.634467	0.637337	324.218750	34.179687
70363.636468	0.634796	324.218750	34.179687
70363.638469	0.633329	6.966622	1.165485
70364.655375	0.415400	101.757812	-609.570312
70364.657377	0.627210	101.757812	-609.570312
70364.659377	0.635899	101.757812	-609.570312
70364.663376	0.632657	6.959222	1.078530
70365.719369	0.267161	315.039062	33.789062
70365.721372	0.556822	315.039062	33.789062
70365.723372	0.636705	315.039062	33.789062
70365.725372	0.634219	6.976406	1.256672
70366.745364	0.556045	96.679687	-624.121094
70366.747367	0.637045	96.679687	-624.121094
70366.749368	0.634576	6.980332	1.138357
70367.819408	0.624078	314.648437	37.695312
70367.821411	0.635484	314.648437	37.695312
70367.823410	0.633539	6.968926	1.027981
70368.833941	0.509753	97.265625	-622.949219
70368.835942	0.636459	97.265625	-622.949219
70368.837942	0.634531	6.979836	1.074554
70369.909980	0.635712	307.519531	40.332031
70369.911982	0.633705	307.519531	40.332031
70369.913983	0.632283	6.955110	1.014516
70370.922521	0.456674	117.382812	-566.015625
70370.924523	0.634128	117.382812	-566.015625
70370.926521	0.635381	6.989185	1.157462
70371.996530	0.567597	292.187500	40.039062
70371.998532	0.637350	292.187500	40.039062
70372.000531	0.634833	6.983168	1.089149
70373.010531	0.309527	116.503906	-566.406250
70373.012532	0.583766	116.503906	-566.406250
70373.014532	0.636153	116.503906	-566.406250
70373.016534	0.633894	6.972835	1.363582
70374.086589	0.633644	283.984375	42.089844
70374.088591	0.635693	283.984375	42.089844
70374.090591	0.633859	6.972445	0.890258
70375.107486	0.280510	108.007812	-585.449219
70375.109488	0.565867	108.007812	-585.449219
70375.111485	0.636593	108.007812	-585.449219
70375.113487	0.634136	6.975493	1.219252
70376.165476	0.468275	291.113281	50.195312
70376.167478	0.635110	291.113281	50.195312
70376.169478	0.635240	6.987643	0.992005
70377.196378	0.267833	120.507812	-549.316406
70377.198385	0.557314	120.507812	-549.316406
70377.200390	0.636836	120.507812	-549.316406
70377.202392	0.634402	6.978418	1.311110
70378.254423	0.463677	281.152344	47.167969
70378.256425	0.635029	281.152344	47.167969
70378.258425	0.635658	6.992243	0.946450
70379.294484	0.415588	109.667969	-574.414062
70379.296484	0.626907	109.667969	-574.414062
70379.298486	0.635315	109.667969	-574.414062
70379.300485	0.633490	6.968386	1.169401
70380.342512	0.332733	279.882812	47.656250
70380.344514	0.596398	279.882812	47.656250
70380.346515	0.636131	279.882812	47.656250
70380.348514	0.633943	6.973375	0.949219
70381.382521	0.273894	111.328125	-566.699219
70381.384523	0.561504	111.328125	-566.699219
70381.386524	0.637010	111.328125	-566.699219
70381.388524	0.634573	6.980306	1.321034
70382.432554	0.494550	278.808594	48.242187
70382.434556	0.636890	278.808594	48.242187
70382.438556	0.633645	6.970096	0.891852
70383.474583	0.634207	110.058594	-570.312500
70383.476586	0.637880	110.058594	-570.312500
70383.478585	0.635814	6.993954	1.249884
70384.521467	0.487281	282.226562	49.804687
70384.523470	0.636659	282.226562	49.804687
70384.525469	0.635567	6.991241	0.894398
70385.563489	0.630948	112.304687	-564.453125
70385.565491	0.635362	112.304687	-564.453125
70385.567491	0.633582	6.969405	1.272358
70386.619508	0.589223	275.878906	45.117187
70386.621509	0.636300	275.878906	45.117187
70386.623508	0.634080	6.974882	0.771223
70387.651478	0.569476	126.367187	-526.953125
70387.653481	0.636228	126.367187	-526.953125
70387.655480	0.633919	6.973110	1.375728
70388.706433	0.314897	280.175781	45.214844
70388.708434	0.586813	280.175781	45.214844
70388.710434	0.636147	280.175781	45.214844
70388.712436	0.633951	6.973464	0.857300
70389.738488	0.295020	123.437500	-536.230469
70389.740491	0.575317	123.437500	-536.230469
70389.742492	0.636786	123.437500	-536.230469
70389.744492	0.634331	6.977638	1.251154
70390.799428	0.636263	285.449219	44.335937
70390.801430	0.634039	6.974430	0.954726
70391.827925	0.368252	114.550781	-560.839844
70391.829929	0.612405	114.550781	-560.839844
70391.831937	0.636094	114.550781	-560.839844
70391.833937	0.634057	6.974625	1.179480
70392.893973	0.524918	291.113281	42.578125
70392.895976	0.637683	291.113281	42.578125
70392.897976	0.635277	6.988051	0.856095
70393.909981	0.548769	119.433594	-550.781250
70393.911983	0.636403	119.433594	-550.781250
70393.913985	0.634004	6.974040	1.355473
70394.982490	0.466072	299.218750	40.527344
70394.984493	0.635073	299.218750	40.527344
70394.986493	0.635381	6.989195	0.946757
70395.998541	0.500341	121.875000	-546.289062
70396.000543	0.636293	121.875000	-546.289062
70396.002543	0.634648	6.981130	1.263391
70397.070523	0.325147	314.843750	41.308594
70397.072525	0.592460	314.843750	41.308594
70397.074525	0.636275	314.843750	41.308594
70397.076524	0.634070	6.974767	1.058754
70398.094522	0.325293	103.906250	-600.000000
70398.096530	0.592528	103.906250	-600.000000
70398.098533	0.636286	103.906250	-600.000000
70398.100534	0.634051	6.974563	1.010906
70399.160547	0.486155	317.578125	35.742187
70399.162550	0.635983	317.578125	35.742187
70399.164552	0.634945	6.984391	1.101415
70400.184554	0.486893	99.121094	-615.527344
70400.186553	0.636218	99.121094	-615.527344
70400.188554	0.635037	6.985410	0.976908
70401.250567	0.602152	322.558594	33.203125
70401.252570	0.635835	322.558594	33.203125
70401.254571	0.633743	6.971178	1.094444
70402.272638	0.355492	102.832031	-608.203125
70402.274639	0.606967	102.832031	-608.203125
70402.278636	0.633657	102.832031	-608.203125
70402.280638	0.632178	6.953958	1.048574
70403.338674	0.514870	327.343750	30.664062
70403.340676	0.637264	327.343750	30.664062
70403.342676	0.635073	6.985800	1.113603
70404.364712	0.637904	104.492187	-608.007812
70404.366712	0.635637	6.992003	1.101841
70405.428762	0.618288	332.910156	30.371094
70405.430765	0.635414	332.910156	30.371094
70405.432764	0.633507	6.968581	1.045480
70406.459268	0.431551	106.445312	-605.078125
70406.461270	0.630301	106.445312	-605.078125
70406.463271	0.635240	106.445312	-605.078125
70406.465272	0.633484	6.968324	1.031723
70407.507836	0.430097	340.625000	30.859375
70407.509838	0.630439	340.625000	30.859375
70407.511837	0.635762	340.625000	30.859375
70407.513838	0.633898	6.972879	1.302254
70408.550372	0.634293	107.421875	-605.859375
70408.552374	0.635647	107.421875	-605.859375
70408.554373	0.633836	6.972197	1.068319
70409.598409	0.613990	339.843750	30.273437
70409.600408	0.635725	339.843750	30.273437
70409.602409	0.633701	6.970708	1.175549
70410.644959	0.367313	94.824219	-644.921875
70410.646962	0.611771	94.824219	-644.921875
70410.648960	0.635729	94.824219	-644.921875
70410.650962	0.633722	6.970938	0.953949
70411.684988	0.314079	329.296875	27.636719
70411.686990	0.586336	329.296875	27.636719
70411.688990	0.636122	329.296875	27.636719
70411.690990	0.633857	6.972427	1.242581
70412.734984	0.524559	105.761719	-614.453125
70412.736984	0.637685	105.761719	-614.453125
70412.738986	0.635368	6.989044	1.009268
70413.775005	0.474599	331.542969	27.441406
70413.777006	0.635410	331.542969	27.441406
70413.779005	0.635132	6.986456	1.193529
70414.823041	0.394132	108.593750	-606.738281
70414.825043	0.621235	108.593750	-606.738281
70414.827042	0.635545	108.593750	-606.738281
70414.829043	0.633691	6.970601	1.052787
70415.865085	0.600544	329.589844	27.343750
70415.867084	0.636097	329.589844	27.343750
70415.869087	0.633898	6.972879	1.193811
70416.912001	0.394437	109.277344	-605.273437
70416.914003	0.621199	109.277344	-605.273437
70416.916005	0.635348	109.277344	-605.273437
70416.918002	0.633432	6.967748	1.069078
70417.952029	0.338227	332.324219	28.222656
70417.954032	0.599092	332.324219	28.222656
70417.956033	0.636169	332.324219	28.222656
70417.958036	0.634018	6.974199	1.312045
70419.002030	0.544188	102.539062	-623.437500
70419.004033	0.637575	102.539062	-623.437500
70419.006031	0.635042	6.985464	1.079919
70420.042037	0.497261	334.765625	28.320312
70420.044038	0.636562	334.765625	28.320312
70420.046040	0.634997	6.984967	1.342973
70421.092548	0.636295	103.906250	-617.675781
70421.094549	0.635194	103.906250	-617.675781
70421.096549	0.633519	6.968705	0.984227
70422.138561	0.403906	338.574219	29.101562
70422.140563	0.624104	338.574219	29.101562
70422.142562	0.635525	338.574219	29.101562
70422.144563	0.633647	6.970114	1.142122
70423.178591	0.350771	96.484375	-635.156250
70423.180593	0.604917	96.484375	-635.156250
70423.182594	0.636056	96.484375	-635.156250
70423.184594	0.633892	6.972808	0.956697
70424.228579	0.550467	336.718750	28.613281
70424.230580	0.637295	336.718750	28.613281
70424.232580	0.634750	6.982255	1.275428
70425.268590	0.504661	110.058594	-593.261719
70425.270593	0.637877	110.058594	-593.261719
70425.272593	0.635931	6.995238	0.970063
70426.326568	0.619579	330.175781	28.027344
70426.328570	0.635687	330.175781	28.027344
70426.330570	0.633694	6.970636	1.159930
70427.348612	0.395742	104.101562	-605.078125
70427.350613	0.622096	104.101562	-605.078125
70427.352614	0.636208	104.101562	-605.078125
70427.354614	0.634241	6.976654	1.127852
70428.416615	0.637564	332.812500	30.078125
70428.418615	0.635076	332.812500	30.078125
70428.420616	0.633525	6.968776	1.212886
70429.438668	0.548486	98.925781	-613.964844
70429.440670	0.637982	98.925781	-613.964844
70429.442671	0.635403	6.989434	1.145377
70430.502673	0.416548	331.640625	33.203125
70430.504678	0.627120	331.640625	33.203125
70430.506681	0.635240	331.640625	33.203125
70430.508685	0.633407	6.967482	1.233768
70431.526694	0.420096	97.460937	-612.304687
70431.530704	0.635377	97.460937	-612.304687
70431.532707	0.633523	97.460937	-612.304687
70431.534705	0.632248	6.954729	1.179258
70432.598747	0.250450	325.683594	35.546875
70432.600749	0.545270	325.683594	35.546875
70432.604746	0.635111	325.683594	35.546875
70432.606747	0.633530	6.968829	1.100249
70433.615620	0.414454	104.296875	-588.769531
70433.617621	0.626615	104.296875	-588.769531
70433.619622	0.635338	104.296875	-588.769531
70433.623619	0.632190	6.954091	1.177439
70434.689667	0.538052	317.285156	37.500000
70434.691668	0.637261	317.285156	37.500000
70434.693668	0.634821	6.983027	1.041470
70435.704193	0.354101	106.445312	-574.511719
70435.706195	0.606424	106.445312	-574.511719
70435.708196	0.635898	106.445312	-574.511719
70435.710195	0.633834	6.972178	1.271945
70436.782239	0.635330	307.226562	37.500000
70436.784241	0.633577	6.969352	0.988395
70437.794276	0.519478	109.179687	-558.886719
70437.796278	0.636927	109.179687	-558.886719
70437.798278	0.634709	6.981794	1.359819
70438.868262	0.602895	298.730469	38.574219
70438.870265	0.635593	298.730469	38.574219
70438.872263	0.633547	6.969015	0.926268
70439.890739	0.420481	108.593750	-555.078125
70439.892740	0.627911	108.593750	-555.078125
70439.894740	0.635223	108.593750	-555.078125
70439.896740	0.633423	6.967650	1.229514
70440.954736	0.270977	298.535156	41.601562
70440.956738	0.559564	298.535156	41.601562
70440.958737	0.636915	298.535156	41.601562
70440.960737	0.634464	6.979100	0.865927
70441.978767	0.275849	117.871094	-525.097656
70441.980769	0.562810	117.871094	-525.097656
70441.982770	0.636520	117.871094	-525.097656
70441.984768	0.634067	6.974740	1.351799
70443.036767	0.465630	305.566406	46.777344
70443.038770	0.634633	305.566406	46.777344
70443.040770	0.634988	6.984869	1.004581
70444.067711	0.272531	117.675781	-523.242187
70444.069713	0.560504	117.675781	-523.242187
70444.071712	0.564259	117.675781	-523.242187
70444.073715	0.634181	6.975990	1.402592
70445.125722	0.463614	297.265625	42.480469
70445.127725	0.635126	297.265625	42.480469
70445.129723	0.635667	6.992341	1.053784
70446.158195	0.503337	131.542969	-486.035156
70446.160198	0.637409	131.542969	-486.035156
70446.162197	0.635576	6.991339	1.446992
70447.226181	0.635515	292.773437	40.917969
70447.228182	0.633536	6.968900	0.861333
70448.246662	2.238782	120.800781	-511.914062
70448.248664	0.630123	120.800781	-511.914062
70448.250663	0.634916	120.800781	-511.914062
70448.252663	0.633120	6.964318	1.463696
70449.310666	0.286542	296.582031	41.406250
70449.312667	0.569632	296.582031	41.406250
70449.314666	0.636362	296.582031	41.406250
70449.316667	0.633963	6.973597	0.955008
70450.344687	0.552383	109.277344	-535.449219
70450.346690	0.637201	109.277344	-535.449219
70450.348690	0.634599	6.980589	1.299759
70451.404696	0.635616	305.859375	43.847656
70451.406697	0.633880	6.972684	0.944740
70452.435211	0.636455	118.945312	-521.191406
70452.437213	0.634818	6.982999	1.112959
70453.499226	0.606392	299.902344	38.183594
70453.501227	0.635682	299.902344	38.183594
70453.503227	0.633632	6.969954	0.831923
70454.513671	0.452714	120.312500	-522.265625
70454.515672	0.633826	120.312500	-522.265625
70454.517672	0.635540	6.990940	1.291695
70455.586200	0.358295	317.871094	41.015625
70455.588200	0.607871	317.871094	41.015625
70455.590203	0.635519	317.871094	41.015625
70455.592203	0.633485	6.968333	0.969098
70456.602173	0.383217	110.156250	-551.855469
70456.604172	0.617375	110.156250	-551.855469
70456.606172	0.635410	110.156250	-551.855469
70456.608173	0.633436	6.967793	1.293855
70457.676196	0.511965	318.652344	36.523437
70457.678197	0.637062	318.652344	36.523437
70457.680198	0.635086	6.985942	1.014702
70458.692221	0.539736	116.699219	-542.187500
70458.694223	0.639159	116.699219	-542.187500
70458.696223	0.636591	7.002506	1.270581
70459.765184	0.513496	321.679687	32.812500
70459.767186	0.636623	321.679687	32.812500
70459.771184	0.632968	6.962652	1.056371
70460.783228	0.637013	109.179687	-568.554687
70460.785231	0.634513	6.979641	1.242026
70461.853745	0.459474	332.910156	31.250000
70461.855745	0.633784	332.910156	31.250000
70461.857745	0.634815	6.982964	1.140707
70462.871760	0.636732	98.730469	-604.003906
70462.873762	0.635477	6.990249	1.218220
70463.943732	0.584458	343.066406	30.371094
70463.945734	0.636327	343.066406	30.371094
70463.947734	0.634037	6.974412	1.274474
70464.966253	0.391508	102.539062	-599.707031
70464.968253	0.620435	102.539062	-599.707031
70464.970255	0.635554	102.539062	-599.707031
70464.972253	0.633610	6.969706	1.033374
70466.032235	0.537294	344.335937	27.050781
70466.034237	0.637364	344.335937	27.050781
70466.038235	0.633311	6.966418	1.165168
70467.056276	0.541591	102.343750	-604.589844
70467.058276	0.546352	102.343750	-604.589844
70467.060276	0.634320	6.977523	1.128368
70468.120311	0.412783	347.753906	25.976562
70468.122313	0.626283	347.753906	25.976562
70468.124312	0.635312	347.753906	25.976562
70468.126312	0.633449	6.967942	1.110363
70469.152309	0.381653	93.359375	-634.082031
70469.154312	0.616869	93.359375	-634.082031
70469.156310	0.635490	93.359375	-634.082031
70469.158310	0.633554	6.969095	0.999110
70470.210316	0.556175	340.429687	23.437500
70470.212317	0.636617	340.429687	23.437500
70470.214321	0.634209	6.976300	1.108116
70471.240746	0.302601	111.621094	-588.476562
70471.242746	0.580061	111.621094	-588.476562
70471.244746	0.637051	111.621094	-588.476562
70471.246745	0.634663	6.981289	1.101887
70472.290776	0.518084	346.386719	24.121094
70472.292778	0.637673	346.386719	24.121094
70472.294778	0.635447	6.989913	1.301435
70473.329693	0.299625	101.074219	-620.605469
70473.331695	0.577828	101.074219	-620.605469
70473.333696	0.636126	101.074219	-620.605469
70473.335695	0.633784	6.971621	1.121849
70474.379751	2.204777	351.855469	25.000000
70474.381749	0.637103	351.855469	25.000000
70474.383752	0.634846	6.983310	1.235314
70475.431776	0.637681	104.296875	-613.183594
70475.433779	0.635667	6.992341	0.942268
70476.470311	0.634395	355.371094	25.292969
70476.472315	0.634779	6.982565	1.244044
70477.516325	0.381305	103.222656	-616.015625
70477.518327	0.616557	103.222656	-616.015625
70477.520327	0.634969	103.222656	-616.015625
70477.522327	0.633065	6.963716	0.989510
70478.556312	0.320239	349.121094	24.218750
70478.558314	0.589845	349.121094	24.218750
70478.560313	0.636182	349.121094	24.218750
70478.562313	0.633961	6.973571	1.290202
70479.608312	0.637387	100.781250	-622.070312
70479.610314	0.634896	6.983860	1.006573
70480.646325	0.479177	354.394531	24.902344
70480.648330	0.635621	354.394531	24.902344
70480.650327	0.634911	6.984019	1.295237
70481.696350	0.622205	108.496094	-600.195312
70481.698350	0.635686	108.496094	-600.195312
70481.700350	0.633768	6.971443	1.006667
70482.742912	0.395161	352.441406	24.316406
70482.744914	0.621356	352.441406	24.316406
70482.746914	0.635399	352.441406	24.316406
70482.748915	0.633497	6.968466	1.131568
70483.782909	0.336119	99.316406	-623.242187
70483.786909	0.636010	99.316406	-623.242187
70483.788912	0.633884	99.316406	-623.242187
70483.790910	0.632393	6.956325	1.017141
70484.832911	0.541042	348.339844	23.925781
70484.834911	0.637201	348.339844	23.925781
70484.838911	0.633231	6.965541	1.227098
70485.874897	0.636155	96.093750	-628.710937
70485.876899	0.634810	96.093750	-628.710937
70485.880896	0.632042	6.952461	0.946338
70486.920917	0.408134	354.199219	25.390625
70486.924917	0.635344	354.199219	25.390625
70486.926921	0.633492	354.199219	25.390625
70486.928924	0.632139	6.953524	1.278879
70487.954926	0.616771	107.031250	-593.750000
70487.958929	0.633813	107.031250	-593.750000
70487.960930	0.632460	6.957060	1.163015
70489.018942	0.531709	359.765625	27.929687
70489.020945	0.637774	359.765625	27.929687
70489.022943	0.635361	6.988973	1.123422
70490.042952	0.530359	114.160156	-569.921875
70490.044952	0.636750	114.160156	-569.921875
70490.046953	0.634416	6.978578	1.123499
70491.108931	0.620286	345.605469	26.660156
70491.110935	0.635256	345.605469	26.660156
70491.112935	0.633367	6.967039	1.215079
70492.131825	0.521159	101.269531	-595.703125
70492.133825	0.637098	101.269531	-595.703125
70492.135825	0.634876	6.983638	1.124863
70493.195849	0.385119	344.824219	28.613281
70493.197851	0.617823	344.824219	28.613281
70493.199851	0.635128	344.824219	28.613281
70493.201852	0.633232	6.965550	1.307716
70494.219896	0.393014	101.855469	-584.472656
70494.221898	0.620659	101.855469	-584.472656
70494.223898	0.635461	101.855469	-584.472656
70494.227896	0.632155	6.953701	1.136494
70495.293880	0.513513	339.648437	30.859375
70495.295883	0.637675	339.648437	30.859375
70495.297881	0.635595	6.991543	1.048980
70496.309913	0.540858	114.550781	-541.699219
70496.311915	0.637418	114.550781	-541.699219
70496.313916	0.634891	6.983798	1.191846
70497.383953	0.617814	338.867187	34.179687
70497.387953	0.633362	338.867187	34.179687
70497.389955	0.632019	6.952204	1.047395
70498.397918	0.408031	104.199219	-554.589844
70498.399919	0.625300	104.199219	-554.589844
70498.401920	0.635617	104.199219	-554.589844
70498.403920	0.633784	6.971629	1.320595
70499.471954	0.533592	331.933594	36.621094
70499.475954	0.634646	331.933594	36.621094
70499.477956	0.633092	6.964008	1.026530
70500.486905	0.412090	111.328125	-522.851562
70500.488906	0.625881	111.328125	-522.851562
70500.490906	0.635114	111.328125	-522.851562
70500.492905	0.633289	6.966179	1.396917
70501.562902	0.636922	314.648437	34.960937
70501.564904	0.634440	6.978843	0.969975
70502.584937	0.536182	107.910156	-519.531250
70502.586937	0.637277	107.910156	-519.531250
70502.588937	0.634838	6.983212	1.213305
70503.648951	0.402664	319.042969	38.671875
70503.650954	0.623263	319.042969	38.671875
70503.652953	0.635068	319.042969	38.671875
70503.654953	0.633209	6.965302	0.945619
70504.672955	1.998853	112.109375	-506.542969
70504.674958	0.623526	112.109375	-506.542969
70504.676958	0.635008	112.109375	-506.542969
70504.678957	0.633079	6.963866	1.251344
70505.741015	0.637252	310.937500	36.816406
70505.743014	0.634709	6.981803	0.981495
70506.819054	1.699593	74.414062	-552.246094
70506.821057	0.613340	74.414062	-552.246094
70506.823056	0.635928	74.414062	-552.246094
70506.825056	0.633959	6.973544	0.248729
70507.885029	0.520346	276.367187	29.296875
70507.887030	0.636964	276.367187	29.296875
70507.889030	0.634692	6.981608	0.182802
70508.911041	0.637114	80.957031	-539.550781
70508.913044	0.634758	6.982335	0.290766
70509.973562	0.460828	276.562500	29.687500
70509.975561	0.634416	276.562500	29.687500
70509.977562	0.635306	6.988361	0.163716
70510.997575	0.463219	76.757812	-539.746094
70510.999578	0.634162	76.757812	-539.746094
70511.001578	0.634861	6.983469	0.294241
70512.061628	0.325414	282.324219	29.199219
70512.063634	0.592372	282.324219	29.199219
70512.065638	0.635895	282.324219	29.199219
70512.067643	0.633797	6.971762	0.189909
70513.085655	0.329557	79.101562	-545.800781
70513.087656	0.594645	79.101562	-545.800781
70513.089657	0.635942	79.101562	-545.800781
70513.091656	0.633779	6.971568	0.275976
70514.151649	0.486924	287.792969	29.101562
70514.153651	0.636307	287.792969	29.101562
70514.155651	0.635126	6.986385	0.206557
70515.175695	0.493079	77.343750	-553.417969
70515.177698	0.635925	77.343750	-553.417969
70515.179700	0.634642	6.981059	0.260836
70516.239713	0.349451	286.523437	27.050781
70516.243712	0.636084	286.523437	27.050781
70516.245713	0.633983	286.523437	27.050781
70516.247714	0.632598	6.958575	0.248248
70517.263709	0.350444	75.683594	-566.015625
70517.265709	0.604767	75.683594	-566.015625
70517.267710	0.607642	75.683594	-566.015625
70517.269710	0.633718	6.970893	0.250988
70518.339736	0.636069	295.117187	26.367187
70518.341737	0.635334	6.988671	0.204788
70519.352232	0.282331	71.093750	-582.617187
70519.354234	0.567280	71.093750	-582.617187
70519.356233	0.637046	71.093750	-582.617187
70519.360232	0.633154	6.964690	0.236038
70520.426275	0.420518	303.222656	25.097656
70520.428277	0.628164	303.222656	25.097656
70520.432276	0.633550	303.222656	25.097656
70520.434277	0.633492	6.968412	0.226717
70521.443207	0.569225	74.902344	-598.339844
70521.445209	0.636519	74.902344	-598.339844
70521.447210	0.634081	6.974891	0.217609
70522.517727	0.636553	296.972656	21.875000
70522.521728	0.633670	6.970371	0.237673
70523.530192	0.289360	75.097656	-614.648437
70523.532195	0.571588	75.097656	-614.648437
70523.534195	0.636356	75.097656	-614.648437
70523.536194	0.633914	6.973057	0.217842
70524.604206	0.421362	303.125000	20.507812
70524.608207	0.635468	303.125000	20.507812
70524.610207	0.633631	303.125000	20.507812
70524.612209	0.632345	6.955792	0.249682
70525.620216	0.449634	75.000000	-628.613281
70525.622220	0.633419	75.000000	-628.613281
70525.624219	0.635517	6.990692	0.227583
70526.692256	0.278025	310.937500	19.726562
70526.694257	0.564241	310.937500	19.726562
70526.696256	0.636585	310.937500	19.726562
70526.698257	0.634144	6.975582	0.263406
70527.710280	0.586026	70.996094	-644.238281
70527.712281	0.636492	70.996094	-644.238281
70527.714284	0.634149	6.975644	0.247994
70528.782271	0.439520	321.484375	19.140625
70528.784269	0.632767	321.484375	19.140625
70528.786269	0.636383	321.484375	19.140625
70528.788270	0.634493	6.979420	0.231406
70529.807190	0.562389	70.996094	-652.343750
70529.809189	0.636218	70.996094	-652.343750
70529.811189	0.633897	6.972870	0.195747
70530.863748	0.537761	319.042969	18.261719
70530.865747	0.637626	319.042969	18.261719
70530.869747	0.635125	6.986376	0.394356
70531.895755	0.516796	72.363281	-655.566406
70531.897761	0.637179	72.363281	-655.566406
70531.899759	0.635073	6.985800	0.237206
70532.952260	0.480704	318.359375	17.480469
70532.956262	0.635074	318.359375	17.480469
70532.958263	0.633343	6.966773	0.277833
70533.984311	0.459473	73.632812	-656.347656
70533.986314	0.634166	73.632812	-656.347656
70533.988310	0.635030	6.985331	0.252880
70535.040364	0.351293	326.660156	18.066406
70535.042365	0.605071	326.660156	18.066406
70535.044367	0.635856	326.660156	18.066406
70535.046364	0.633797	6.971771	0.269213
70536.080909	0.375775	70.117187	-659.570312
70536.082909	0.615013	70.117187	-659.570312
70536.084909	0.635612	70.117187	-659.570312
70536.086909	0.633609	6.969697	0.211537
70537.128955	0.293218	319.140625	17.089844
70537.130957	0.574180	319.140625	17.089844
70537.132957	0.636579	319.140625	17.089844
70537.134957	0.634203	6.976238	0.270753
70538.171011	0.538529	70.214844	-658.593750
70538.175011	0.634518	70.214844	-658.593750
70538.177013	0.632996	6.962953	0.337732
70539.219025	0.464779	318.652344	17.089844
70539.221028	0.635092	318.652344	17.089844
70539.223029	0.635488	6.990365	0.255496
70540.261074	0.627077	68.066406	-657.714844
70540.263079	0.636119	68.066406	-657.714844
70540.265083	0.634175	6.975928	0.232780
70541.307539	0.397279	324.316406	17.187500
70541.309541	0.622155	324.316406	17.187500
70541.311541	0.635638	324.316406	17.187500
70541.313541	0.633710	6.970814	0.269927
70542.347548	0.339388	71.093750	-655.859375
70542.349547	0.599466	71.093750	-655.859375
70542.351547	0.635778	71.093750	-655.859375
70542.353546	0.633651	6.970159	0.243739
70543.397594	0.550190	329.101562	17.285156
70543.399596	0.636913	329.101562	17.285156
70543.401596	0.634393	6.978321	0.294515
70544.436138	0.282008	69.433594	-654.589844
70544.438140	0.566773	69.433594	-654.589844
70544.440142	0.636319	69.433594	-654.589844
70544.442141	0.633912	6.973030	0.249461
70545.496137	0.635384	324.414062	16.992187
70545.498138	0.635422	6.989637	0.230567
70546.528691	0.636991	72.363281	-649.707031
70546.530693	0.634688	6.981565	0.219195
70547.583202	0.484970	321.679687	16.699219
70547.585202	0.491759	321.679687	16.699219
70547.587203	0.635023	6.985251	0.260901
70548.615293	0.470696	71.582031	-644.628906
70548.617295	0.634995	71.582031	-644.628906
70548.619297	0.634964	6.984604	0.225723
70549.671844	0.436695	318.164062	16.894531
70549.673845	0.631907	318.164062	16.894531
70549.675847	0.635989	318.164062	16.894531
70549.677847	0.634152	6.975671	0.311350
70550.696759	0.559141	71.582031	-636.230469
70550.698760	0.636757	71.582031	-636.230469
70550.700760	0.634231	6.976540	0.479982
70551.760790	0.436797	328.808594	19.042969
70551.762792	0.631268	328.808594	19.042969
70551.764793	0.635124	328.808594	19.042969
70551.768792	0.632039	6.952425	0.332864
70552.784802	0.438333	70.605469	-624.609375
70552.786803	0.631694	70.605469	-624.609375
70552.790801	0.633747	70.605469	-624.609375
70552.792803	0.632346	6.955801	0.255563
70553.858812	0.553863	324.511719	19.628906
70553.860813	0.637012	324.511719	19.628906
70553.862812	0.634432	6.978755	0.279004
70554.873320	0.371571	70.117187	-604.882812
70554.875322	0.613190	70.117187	-604.882812
70554.877323	0.635339	70.117187	-604.882812
70554.879323	0.633420	6.967615	0.273173
70555.947371	0.505545	313.183594	20.019531
70555.949373	0.636935	313.183594	20.019531
70555.951373	0.634962	6.984577	0.304792
70556.948308	0.630916	344.433594	-34.960937
70556.950308	0.635904	344.433594	-34.960937
70556.952309	0.635820	6.994024	-0.017807
70558.119273	0.608554	426.464844	-7.031250
70558.123273	0.634078	426.464844	-7.031250
70558.125272	0.632750	6.960250	0.542125
70560.091384	1.162925	21.191406	-571.679687
70560.093386	0.597456	21.191406	-571.679687
70560.095387	0.635919	21.191406	-571.679687
70560.097387	0.633800	6.971798	-0.061447
70561.157365	0.487092	158.300781	21.093750
70561.159368	0.635617	158.300781	21.093750
70561.161369	0.634509	6.979597	-0.044499
70562.077373	0.636588	54.882812	-673.535156
70562.079375	0.634203	54.882812	-673.535156
70562.083375	0.631355	6.944901	0.211443
70563.139419	0.426443	231.347656	29.980469
70563.141421	0.629491	231.347656	29.980469
70563.147420	0.632396	231.347656	29.980469
70563.149422	0.631322	6.944546	0.105377
70564.165453	0.340465	58.789062	-661.425781
70564.167455	0.339225	3.731473	0.133630
70565.219439	0.284219	243.652344	32.910156
70565.221440	0.288257	243.652344	32.910156
70565.223440	0.339456	3.734017	0.041252
70566.263419	0.339389	68.066406	-631.835937
70566.265421	0.339364	3.733006	0.101411
70567.309951	0.342489	234.570312	33.789062
70567.311954	0.341013	3.751148	0.164733
70568.358943	0.343836	68.457031	-634.179687
70568.360945	0.342360	3.765965	0.474087
70569.397888	0.322666	229.199219	32.226562
70569.399887	0.340396	229.199219	32.226562
70569.401888	0.339024	3.729267	0.017941
70570.455899	0.341255	52.832031	-661.132812
70570.457900	0.339579	3.735364	0.109786
70571.478417	0.308370	179.003906	34.277344
70571.480418	0.340902	179.003906	34.277344
70571.482420	0.339442	3.733857	-0.010644
70572.536382	0.343372	22.265625	-639.648437
70572.538386	0.342150	3.763652	0.055797
70573.594382	0.341074	187.109375	41.601562
70573.596384	0.339616	187.109375	41.601562
70573.598383	0.338657	3.725226	0.048850
70574.618390	0.340557	47.558594	-684.375000
70574.620389	0.339209	3.731296	0.045930
70575.658432	0.342995	162.890625	45.117187
70575.660433	0.341690	3.758592	-0.039516
70576.730448	0.341268	46.777344	-666.308594
70576.732450	0.340778	3.748560	0.091361
70577.744985	0.282814	183.984375	34.960937
70577.746985	0.341101	183.984375	34.960937
70577.750983	0.338420	3.722620	0.004907
70578.801887	0.294733	22.949219	-648.828125
70578.803890	0.341135	22.949219	-648.828125
70578.805888	0.339570	3.735276	0.013876
70579.858784	0.305618	193.750000	36.230469
70579.860787	0.340756	193.750000	36.230469
70579.862788	0.339205	3.731252	0.044008
70580.882797	0.306883	29.101562	-676.464844
70580.884800	0.341467	29.101562	-676.464844
70580.886798	0.339969	3.739662	-0.007302
70581.948808	0.341490	180.078125	44.335937
70581.950811	0.340716	3.747877	0.019699
70582.980858	0.340589	43.359375	-695.214844
70582.982860	0.340626	3.746885	0.048325
70584.028816	0.324431	166.503906	45.605469
70584.030822	0.340735	166.503906	45.605469
70584.032817	0.339293	3.732218	-0.030149
70585.076862	0.287186	55.371094	-690.722656
70585.078865	0.341399	55.371094	-690.722656
70585.080865	0.339842	3.738262	0.104167
70586.110876	0.341975	170.410156	46.386719
70586.112878	0.340276	3.743039	-0.038412
70587.159420	0.342053	64.843750	-681.445312
70587.161422	0.340271	3.742977	0.464139
70588.174391	0.338091	187.988281	42.675781
70588.178391	0.339185	3.731030	0.012297
70589.238423	0.287353	70.312500	-701.953125
70589.240425	0.341063	70.312500	-701.953125
70589.242426	0.339403	3.733432	0.207937
70590.254443	0.306140	230.468750	34.960937
70590.256446	0.340842	230.468750	34.960937
70590.258445	0.339297	3.732262	0.014203
70591.320500	0.342842	78.613281	-682.617187
70591.322500	0.341957	3.761525	0.198665
70592.344511	0.341063	230.664062	39.160156
70592.348510	0.338790	3.726688	0.028706
70593.392521	0.334450	49.902344	-675.195312
70593.394522	0.341192	49.902344	-675.195312
70593.396523	0.339854	3.738395	0.104788
70594.427028	0.341176	182.324219	54.785156
70594.429029	0.339798	3.737783	0.069666
70595.469951	0.338755	33.398437	-666.015625
70595.471952	0.337899	3.716886	0.241069
70596.530430	0.341337	197.265625	42.675781
70596.532433	0.341457	3.756022	0.109708
70597.556484	0.341058	28.417969	-623.925781
70597.558486	0.339865	3.738510	0.074440
70598.602496	0.329226	193.457031	38.183594
70598.604497	0.340234	193.457031	38.183594
70598.606498	0.338939	3.728327	0.039395
70599.666508	0.253529	50.097656	-643.066406
70599.668509	0.342252	50.097656	-643.066406
70599.670510	0.340537	3.745910	0.163875
70600.682556	0.281095	170.703125	50.195312
70600.684559	0.341875	170.703125	50.195312
70600.686559	0.340151	3.741665	0.014633
70601.740592	0.341834	44.238281	-677.734375
70601.742594	0.341683	3.758512	0.084077
70602.804550	0.303917	190.722656	43.066406
70602.806551	0.341141	190.722656	43.066406
70602.808551	0.339526	3.734788	0.098421
70603.820584	0.318274	30.664062	-622.460937
70603.822585	0.341001	30.664062	-622.460937
70603.824585	0.339570	3.735276	0.092585
70604.868591	0.271964	188.574219	38.085937
70604.870591	0.342235	188.574219	38.085937
70604.874593	0.339452	3.733973	0.018419
70605.934632	0.338185	57.421875	-650.097656
70605.936634	0.340990	3.750891	0.204576
70606.958665	0.338062	176.855469	53.320312
70606.962666	0.338886	3.727742	0.038051
70608.008704	0.341701	41.601562	-668.847656
70608.010706	0.340330	3.743632	0.042854
70609.063285	0.306624	202.246094	39.648437
70609.065287	0.340835	202.246094	39.648437
70609.067288	0.339287	3.732156	0.141457
70610.095298	0.292345	34.082031	-623.437500
70610.097299	0.341460	34.082031	-623.437500
70610.099299	0.339815	3.737961	0.126859
70611.137294	0.341703	189.355469	43.261719
70611.139295	0.340065	3.740717	0.246961
70612.201329	0.333161	63.867187	-657.714844
70612.203330	0.340589	63.867187	-657.714844
70612.205330	0.339300	3.732297	0.194416
70613.238230	0.339550	175.781250	50.585937
70613.240235	0.338730	3.726032	0.118483
70614.274260	0.341009	43.457031	-663.964844
70614.276261	0.341636	3.757998	0.045074
70615.340269	0.341586	195.898437	37.792969
70615.342272	0.339976	3.739733	0.102214
70616.364248	0.342592	36.718750	-622.363281
70616.366249	0.341103	3.752131	0.096751
70617.410768	0.293895	193.554687	38.671875
70617.412769	0.341326	193.554687	38.671875
70617.414770	0.339705	3.736755	0.036713
70618.476764	0.340197	52.441406	-653.417969
70618.478766	0.340704	3.747745	0.162096
70619.484786	0.342872	185.253906	51.757812
70619.486788	0.342858	3.771442	0.153715
70620.557776	0.342682	54.687500	-679.492187
70620.559778	0.341643	3.758069	0.146002
70621.598220	0.342780	183.496094	53.027344
70621.600223	0.341579	3.757369	0.076000
70622.629144	0.300396	54.589844	-670.019531
70622.631147	0.341398	54.589844	-670.019531
70622.633147	0.339971	3.739680	0.104665
70623.694136	0.302045	195.703125	46.582031
70623.696137	0.340648	195.703125	46.582031
70623.698137	0.339092	3.730011	0.115766
70624.718149	0.303427	32.812500	-666.894531
70624.720148	0.341506	32.812500	-666.894531
70624.722148	0.339860	3.738457	0.063902
70625.784129	0.341228	202.246094	41.015625
70625.786131	0.340674	3.747417	0.120177
70626.810152	0.340479	32.812500	-650.585937
70626.812155	0.339293	3.732227	0.046608
70627.872674	0.334437	206.738281	39.941406
70627.874677	0.340474	206.738281	39.941406
70627.876678	0.339143	3.730578	0.115261
70628.897198	0.341822	36.914062	-646.289062
70628.899200	0.340814	3.748959	0.075700
70629.961740	0.337021	200.683594	38.281250
70629.963739	0.340329	3.743623	0.123449
70630.985748	0.337850	31.250000	-662.109375
70630.987752	0.340857	3.749428	0.062798
70632.050191	0.317283	203.515625	41.406250
70632.052190	0.341014	203.515625	41.406250
70632.054192	0.339571	3.735284	0.136290
70633.080216	0.339032	42.285156	-667.480469
70633.082219	0.338231	3.720537	0.087455
70634.138723	0.284116	192.187500	46.093750
70634.140727	0.341230	192.187500	46.093750
70634.142726	0.339622	3.735842	0.116267
70635.170790	0.271324	55.566406	-679.003906
70635.172791	0.341519	55.566406	-679.003906
70635.174790	0.339724	3.736959	0.097838
70636.219749	0.306185	186.328125	52.929687
70636.221750	0.341387	186.328125	52.929687
70636.223748	0.339903	3.738935	0.065091
70637.271768	0.340055	58.496094	-682.714844
70637.273772	0.338983	3.728815	0.406142
70638.299759	0.227254	184.082031	47.851562
70638.301761	0.342280	184.082031	47.851562
70638.303764	0.340850	3.749349	0.001022
70639.368745	0.339765	53.320312	-656.738281
70639.370747	0.338621	3.724827	0.292541
70640.392748	0.340288	195.605469	36.914062
70640.394750	0.339137	3.730508	0.068640
70641.446800	0.335280	32.714844	-647.167969
70641.448803	0.342038	32.714844	-647.167969
70641.450803	0.340686	3.747550	0.083118
70642.494837	0.307141	213.183594	39.453125
70642.496841	0.341017	213.183594	39.453125
70642.498839	0.339504	3.734540	0.163570
70643.520874	0.341714	46.875000	-671.679687
70643.522877	0.340145	3.741594	0.122006
70644.585384	0.341855	187.304687	48.925781
70644.587386	0.340180	3.741984	0.073917
70645.625414	0.343075	67.480469	-675.097656
70645.627415	0.341649	3.758140	0.287442
70646.659434	0.341191	178.417969	42.773437
70646.661436	0.339931	3.739246	0.004383
70647.723453	0.341403	51.367187	-652.246094
70647.725457	0.339982	3.739804	0.177177
70648.755489	0.342659	215.820312	36.621094
70648.757492	0.341136	3.752495	0.116912
70649.794033	0.315667	33.789062	-661.523437
70649.796036	0.341017	33.789062	-661.523437
70649.798036	0.339575	3.735328	0.084163
70650.860070	0.342985	202.148437	43.457031
70650.862072	0.341689	3.758574	0.176754
70651.884077	0.341589	63.183594	-680.566406
70651.886079	0.340235	3.742587	0.178383
70652.934644	0.340636	176.464844	47.753906
70652.936647	0.339475	3.734230	0.074349
70653.996639	0.322469	60.839844	-675.683594
70653.998641	0.341258	60.839844	-675.683594
70654.000644	0.339782	3.737597	0.199950
70655.012636	0.330319	208.398437	41.308594
70655.014639	0.340238	208.398437	41.308594
70655.016636	0.338887	3.727760	0.059270
70656.078642	0.342095	44.531250	-647.460937
70656.080645	0.342028	3.762305	0.119117
70657.117179	0.273392	220.019531	36.914062
70657.119179	0.341689	220.019531	36.914062
70657.121181	0.339968	3.739653	0.145290
70658.151205	0.342976	42.089844	-666.894531
70658.153208	0.341506	3.756571	0.335753
70659.216130	0.341859	212.402344	46.679687
70659.218133	0.340209	3.742303	0.144263
70660.240092	0.342076	53.613281	-695.800781
70660.242095	0.340413	3.744545	0.352018
70661.296051	0.337024	184.472656	48.046875
70661.298050	0.342485	184.472656	48.046875
70661.300050	0.341189	3.753080	0.068012
70662.344530	0.333579	70.117187	-679.980469
70662.346532	0.342026	70.117187	-679.980469
70662.348532	0.340705	3.747753	0.204023
70663.377086	0.340462	191.210937	49.511719
70663.379088	0.341121	3.752335	0.008286
70664.447128	0.339647	71.289062	-666.796875
70664.449130	0.338837	3.727202	0.231149
70665.457666	0.336995	203.125000	45.605469
70665.459667	0.340404	3.744439	0.046258
70666.531663	0.342940	59.765625	-667.187500
70666.533666	0.341464	3.756102	0.465365
