time (s)	coil I (A)	last det (V)	int current (uC)
67685.314951	0.460949	120.410156	-477.832031
67685.316954	0.489213	120.410156	-477.832031
67685.318954	0.487498	5.362474	1.459638
67686.355872	0.485309	278.320312	57.812500
67686.357873	0.489911	5.389017	1.621088
67687.414385	0.233315	126.660156	-469.433594
67687.416387	0.470968	126.660156	-469.433594
67687.418388	0.488460	126.660156	-469.433594
67687.420386	0.486772	5.354489	1.521638
67688.431308	0.397558	265.527344	57.812500
67688.433311	0.489973	265.527344	57.812500
67688.435311	0.488083	5.368908	1.621429
67689.513337	0.460016	126.074219	-496.093750
67689.515347	0.489240	126.074219	-496.093750
67689.517354	0.487451	5.361960	1.555915
67690.517375	0.483073	259.082031	70.507812
67690.519376	0.488505	259.082031	70.507812
67690.521377	0.486961	5.356572	1.620940
67691.608324	0.489162	129.003906	-517.285156
67691.610327	0.487462	129.003906	-517.285156
67691.612328	0.486237	5.348605	1.620760
67692.612332	0.252744	237.207031	73.535156
67692.616332	0.488414	237.207031	73.535156
67692.620332	0.485790	237.207031	73.535156
67692.622334	0.484899	5.333884	1.455603
67693.688339	0.489578	156.933594	-472.265625
67693.690341	0.487775	5.365523	1.620912
67694.706883	0.446936	224.707031	74.804687
67694.708885	0.489132	224.707031	74.804687
67694.710886	0.487320	5.360524	1.406697
67695.773344	0.489063	153.613281	-482.714844
67695.775345	0.487091	5.357999	1.621413
67696.803861	0.432203	234.765625	82.519531
67696.805863	0.489010	234.765625	82.519531
67696.809861	0.485852	5.344378	1.303270
67697.855881	0.356394	137.695312	-514.550781
67697.857885	0.489248	137.695312	-514.550781
67697.859885	0.487929	5.367216	1.621505
67698.897872	0.485383	231.933594	75.488281
67698.899873	0.486126	231.933594	75.488281
67698.901874	0.487154	5.358699	1.452828
67699.941905	0.468735	138.378906	-507.324219
67699.943907	0.489117	138.378906	-507.324219
67699.945906	0.487399	5.361384	1.620808
67700.993950	0.488723	242.285156	77.246094
67700.995953	0.487440	5.361836	1.433044
67702.026508	0.452401	127.929687	-525.781250
67702.028508	0.489386	127.929687	-525.781250
67702.030509	0.487555	5.363103	1.621464
67703.085421	0.488905	244.335937	75.488281
67703.087421	0.487184	5.359027	1.375772
67704.122393	0.301101	116.601562	-549.707031
67704.124393	0.485732	116.601562	-549.707031
67704.126394	0.488418	5.372595	1.621073
67705.171295	0.350536	244.921875	75.195312
67705.173298	0.489882	244.921875	75.195312
67705.175297	0.488906	5.377965	1.425797
67706.212255	0.420702	126.757812	-530.664062
67706.214258	0.488974	126.757812	-530.664062
67706.216257	0.487029	5.357316	1.621504
67707.256273	0.366562	238.867187	73.437500
67707.258273	0.489179	238.867187	73.437500
67707.260274	0.487644	5.364087	1.569418
67708.304301	0.281671	135.058594	-517.187500
67708.306302	0.482631	135.058594	-517.187500
67708.308305	0.488224	135.058594	-517.187500
67708.310304	0.486731	5.354046	1.621113
67709.340294	0.236306	235.839844	75.195312
67709.342296	0.472038	235.839844	75.195312
67709.344298	0.488785	235.839844	75.195312
67709.346296	0.487185	5.359035	1.619734
67710.398306	0.415181	127.050781	-540.820312
67710.400308	0.491267	127.050781	-540.820312
67710.402309	0.489289	5.382184	1.621168
67711.426762	0.447875	233.203125	77.148437
67711.428764	0.489363	233.203125	77.148437
67711.432763	0.486302	5.349322	1.552748
67712.490761	0.338410	142.871094	-508.789062
67712.492765	0.488927	142.871094	-508.789062
67712.494764	0.488505	5.373552	1.620845
67713.510798	0.357023	237.695312	78.320312
67713.512802	0.489231	237.695312	78.320312
67713.514799	0.487976	5.367738	1.572512
67714.588813	0.442467	135.058594	-524.414062
67714.594813	0.486176	135.058594	-524.414062
67714.596815	0.485362	5.338980	1.621037
67715.596818	0.468976	243.750000	72.167969
67715.598819	0.488850	243.750000	72.167969
67715.600820	0.487176	5.358938	1.608584
67716.682826	0.487099	141.308594	-501.269531
67716.684829	0.488204	141.308594	-501.269531
67716.686829	0.486685	5.353532	1.621281
67717.684834	0.386254	256.933594	63.671875
67717.686835	0.490180	256.933594	63.671875
67717.688836	0.488336	5.371700	1.620824
67718.770853	0.445130	127.539062	-511.230469
67718.772854	0.489115	127.539062	-511.230469
67718.774854	0.487242	5.359665	1.620478
67719.784872	0.488574	276.269531	57.324219
67719.786875	0.486932	5.356253	1.621504
67720.851387	0.424276	125.976562	-493.847656
67720.853388	0.489257	125.976562	-493.847656
67720.855390	0.487226	5.359488	1.596814
67721.879416	0.417393	285.351562	53.027344
67721.881418	0.489218	285.351562	53.027344
67721.883417	0.487237	5.359612	1.621434
67722.931960	0.402425	104.199219	-528.125000
67722.933961	0.490422	104.199219	-528.125000
67722.935962	0.488454	5.372994	1.619602
67723.980412	0.389182	278.027344	53.417969
67723.982413	0.490015	278.027344	53.417969
67723.984413	0.487986	5.367845	1.621399
67725.016404	0.487845	126.367187	-497.167969
67725.018407	0.486421	5.350634	1.620901
67726.072909	0.308719	260.839844	59.472656
67726.074913	0.486898	260.839844	59.472656
67726.076913	0.488738	5.376122	1.619750
67727.100923	0.296043	147.363281	-479.296875
67727.102922	0.485579	147.363281	-479.296875
67727.104921	0.488903	147.363281	-479.296875
67727.106923	0.487280	5.360082	1.621204
67728.154914	0.454540	247.558594	69.531250
67728.156915	0.489254	247.558594	69.531250
67728.158916	0.487431	5.361739	1.621143
67729.202920	0.401430	143.847656	-504.296875
67729.206920	0.488017	143.847656	-504.296875
67729.208922	0.486762	5.354383	1.621504
67730.241464	0.489513	233.398437	70.898437
67730.243466	0.487546	5.363006	1.438307
67731.299503	0.323165	139.062500	-521.875000
67731.301506	0.487892	139.062500	-521.875000
67731.303505	0.488427	5.372702	1.620864
67732.319510	0.339067	238.378906	72.460937
67732.321511	0.488763	238.378906	72.460937
67732.323512	0.488246	5.370707	1.550475
67733.397512	0.429800	130.371094	-540.429687
67733.399514	0.489456	130.371094	-540.429687
67733.401514	0.487527	5.362802	1.621173
67734.407493	0.489222	251.464844	70.703125
67734.409495	0.487457	5.362031	1.595986
67735.492008	0.489249	148.046875	-493.359375
67735.496011	0.487685	5.364531	1.621101
67736.494542	0.464885	261.523437	64.648437
67736.496544	0.488589	261.523437	64.648437
67736.498543	0.486889	5.355774	1.620604
67737.578546	0.303606	143.945312	-495.214844
67737.580552	0.486117	143.945312	-495.214844
67737.582553	0.488570	5.374270	1.621073
67738.590567	0.487709	274.023437	61.621094
67738.592569	0.486336	5.349695	1.621306
67739.667493	0.303091	128.710937	-520.410156
67739.669494	0.486240	128.710937	-520.410156
67739.671495	0.488717	5.375892	1.621102
67740.675485	0.359130	279.394531	59.082031
67740.677486	0.489358	279.394531	59.082031
67740.679488	0.488112	5.369227	1.620933
67741.754433	0.712547	126.269531	-522.070312
67741.756436	0.488012	5.368137	1.621127
67742.768421	0.341896	267.187500	52.441406
67742.770423	0.488619	267.187500	52.441406
67742.772423	0.488780	5.376583	1.620821
67743.846428	2.544318	121.582031	-531.933594
67743.850430	0.487483	121.582031	-531.933594
67743.852431	0.486293	5.349225	1.620298
67744.858485	0.459245	278.515625	56.640625
67744.862489	0.487063	278.515625	56.640625
67744.864489	0.485960	5.345565	1.621323
67745.939024	0.384029	123.339844	-531.445312
67745.941031	0.390521	123.339844	-531.445312
67745.943036	0.487925	5.367180	1.608774
67746.943062	0.439342	274.511719	57.128906
67746.945066	0.489264	274.511719	57.128906
67746.947063	0.487296	5.360259	1.621200
67748.029094	0.475695	144.531250	-492.480469
67748.031097	0.488257	144.531250	-492.480469
67748.033095	0.486674	5.353417	1.620940
67749.035624	0.386314	268.847656	59.179687
67749.037625	0.489979	268.847656	59.179687
67749.039627	0.488052	5.368571	1.621070
67750.121626	0.444085	141.406250	-505.859375
67750.123629	0.489351	141.406250	-505.859375
67750.125634	0.487395	5.361340	1.620432
67751.124165	0.328543	258.007812	61.621094
67751.126165	0.488312	258.007812	61.621094
67751.128167	0.488461	5.373074	1.619776
67752.208225	0.489236	141.113281	-513.476562
67752.210229	0.487266	5.359931	1.621036
67753.216301	1.380257	243.750000	64.355469
67753.218303	0.487197	5.359169	1.542446
67754.292299	0.487317	139.746094	-520.507812
67754.294300	0.488337	5.371709	1.621319
67755.310333	0.336969	243.457031	72.070312
67755.312335	0.488763	243.457031	72.070312
67755.314336	0.488430	5.372728	1.416699
67756.378358	0.489217	152.246094	-490.820312
67756.380360	0.487389	5.361278	1.621446
67757.410905	0.489014	238.183594	67.285156
67757.412909	0.487350	5.360852	1.391313
67758.456898	0.435745	144.531250	-503.515625
67758.458899	0.488846	144.531250	-503.515625
67758.460900	0.486950	5.356448	1.620786
67759.510911	0.489422	256.933594	66.796875
67759.512912	0.487972	5.367694	1.424436
67760.539503	0.489475	120.800781	-545.410156
67760.541506	0.487414	5.361552	1.621440
67761.603499	0.485791	275.390625	59.765625
67761.605499	0.490550	275.390625	59.765625
67761.609499	0.487835	5.366188	1.542735
67762.635517	0.479346	109.082031	-551.855469
67762.637519	0.489240	109.082031	-551.855469
67762.639519	0.487551	5.363059	1.604876
67763.685509	0.489282	291.210937	53.027344
67763.687509	0.487436	5.361801	1.621323
67764.730055	0.488480	121.093750	-516.308594
67764.734055	0.485595	121.093750	-516.308594
67764.736057	0.484678	5.331456	1.555031
67765.764600	0.467339	290.429687	47.363281
67765.766602	0.488654	290.429687	47.363281
67765.768602	0.487034	5.357369	1.620849
67766.825057	0.437781	119.921875	-524.707031
67766.827064	0.488723	119.921875	-524.707031
67766.829068	0.486803	5.354835	1.591812
67767.849088	0.441215	291.796875	49.804687
67767.851090	0.489355	291.796875	49.804687
67767.853090	0.487412	5.361535	1.621051
67768.921100	0.296455	127.246094	-523.339844
67768.923102	0.485250	127.246094	-523.339844
67768.925103	0.488477	5.373251	1.620905
67769.929071	0.351505	293.261719	58.007812
67769.931071	0.489442	293.261719	58.007812
67769.933074	0.488277	5.371044	1.620879
67771.021034	0.489709	120.410156	-553.320312
67771.023036	0.487645	5.364096	1.617496
67772.020984	0.488541	278.125000	62.011719
67772.022986	0.486807	5.354879	1.621110
67773.109505	0.488897	150.195312	-493.750000
67773.111506	0.488133	5.369466	1.621101
67774.112086	0.457153	267.968750	66.503906
67774.114086	0.488561	267.968750	66.503906
67774.116087	0.486823	5.355057	1.615868
67775.193047	0.425799	155.371094	-484.179687
67775.197048	0.487587	155.371094	-484.179687
67775.199049	0.486351	5.349863	1.620888
67776.205566	0.478749	259.570312	69.726562
67776.207567	0.488481	259.570312	69.726562
67776.209568	0.486977	5.356749	1.493403
67777.277570	0.389112	164.843750	-463.574219
67777.279574	0.489777	164.843750	-463.574219
67777.281572	0.487814	5.365957	1.621306
67778.296486	0.241503	250.585937	67.871094
67778.298489	0.473313	250.585937	67.871094
67778.300487	0.488390	250.585937	67.871094
67778.304487	0.485695	5.342649	1.501275
67779.368478	0.489918	154.199219	-487.792969
67779.370480	0.488079	5.368873	1.621120
67780.389056	0.490042	252.441406	70.507812
67780.391057	0.488137	5.369502	1.501314
67781.459606	0.487548	157.617187	-479.492187
67781.461607	0.486267	5.348933	1.620848
67782.482123	0.488983	252.050781	70.410156
67782.484125	0.487149	5.358637	1.385401
67783.548680	0.405597	143.847656	-511.914062
67783.552679	0.487626	143.847656	-511.914062
67783.554681	0.486363	5.349996	1.621085
67784.568718	0.419664	248.437500	67.675781
67784.570720	0.488891	248.437500	67.675781
67784.572721	0.486927	5.356200	1.449750
67785.638704	0.480899	156.738281	-481.542969
67785.640706	0.488759	156.738281	-481.542969
67785.642705	0.487092	5.358016	1.621325
67786.654713	0.617796	258.886719	73.242187
67786.656711	0.488284	5.371124	1.621097
67787.731195	0.451526	142.578125	-516.015625
67787.733197	0.488866	142.578125	-516.015625
67787.735197	0.487032	5.357352	1.620783
67788.743190	0.469713	261.621094	71.972656
67788.745192	0.488702	261.621094	71.972656
67788.747193	0.487053	5.357582	1.620403
67789.823711	0.401514	134.082031	-537.792969
67789.827711	0.488811	134.082031	-537.792969
67789.829713	0.487472	5.362191	1.621034
67790.827753	0.449593	263.964844	67.187500
67790.831754	0.486919	263.964844	67.187500
67790.833755	0.485752	5.343269	1.621081
67791.913770	0.651902	134.277344	-536.914062
67791.915774	0.488433	134.277344	-536.914062
67791.917774	0.486837	5.355207	1.621124
67792.916252	0.405873	271.484375	63.574219
67792.918253	0.489475	271.484375	63.574219
67792.920254	0.487464	5.362102	1.621231
67794.006293	0.452343	136.816406	-527.734375
67794.008296	0.488643	136.816406	-527.734375
67794.010294	0.486864	5.355499	1.621476
67795.012289	0.244132	275.683594	56.152344
67795.014290	0.474132	275.683594	56.152344
67795.016292	0.488430	275.683594	56.152344
67795.018290	0.486847	5.355313	1.560392
67796.090292	0.360679	131.250000	-534.082031
67796.092294	0.489193	131.250000	-534.082031
67796.094293	0.487805	5.365860	1.621065
67797.105200	0.488631	285.156250	50.097656
67797.107203	0.486966	5.356625	1.621426
67798.175237	0.372367	138.574219	-508.203125
67798.177239	0.489613	138.574219	-508.203125
67798.179239	0.487981	5.367792	1.621411
67799.199200	0.367514	295.214844	46.484375
67799.201200	0.490410	295.214844	46.484375
67799.203200	0.488886	5.377744	1.621140
67800.259219	0.238058	126.660156	-524.218750
67800.261219	0.472252	126.660156	-524.218750
67800.263222	0.488324	126.660156	-524.218750
67800.265221	0.486662	5.353284	1.621463
67801.295215	0.489369	311.035156	47.851562
67801.297220	0.487667	5.364335	1.620951
67802.341226	0.414749	112.500000	-550.195312
67802.343229	0.489298	112.500000	-550.195312
67802.345228	0.487235	5.359585	1.620796
67803.390133	0.445857	294.921875	46.386719
67803.394134	0.487200	294.921875	46.386719
67803.396136	0.486016	5.346176	1.620932
67804.426212	0.428034	123.339844	-529.882812
67804.428215	0.489343	123.339844	-529.882812
67804.430215	0.487397	5.361366	1.620841
67805.486221	0.318849	287.109375	52.539062
67805.488223	0.487968	287.109375	52.539062
67805.490223	0.488870	5.377567	1.620966
67806.514234	0.306300	127.148437	-533.105469
67806.516235	0.485961	127.148437	-533.105469
67806.518237	0.488004	5.368040	1.621068
67807.576248	0.445417	269.140625	57.910156
67807.578248	0.448611	269.140625	57.910156
67807.580248	0.486981	5.356793	1.533503
67808.612259	0.420406	139.453125	-513.476562
67808.614263	0.489764	139.453125	-513.476562
67808.616260	0.487776	5.365541	1.620762
67809.656797	0.427087	269.140625	69.433594
67809.658796	0.488961	269.140625	69.433594
67809.660797	0.487013	5.357139	1.607833
67810.706765	0.489566	156.347656	-476.855469
67810.708766	0.488339	5.371727	1.621276
67811.737701	0.440056	258.691406	68.164062
67811.739701	0.489538	258.691406	68.164062
67811.741702	0.487590	5.363484	1.620605
67812.801723	0.325138	142.773437	-513.867187
67812.803725	0.487939	142.773437	-513.867187
67812.805726	0.488323	5.371549	1.621167
67813.821721	0.341270	255.371094	65.136719
67813.823723	0.488684	255.371094	65.136719
67813.825724	0.488086	5.368944	1.621119
67814.898601	0.284661	139.648437	-523.828125
67814.900608	0.296938	139.648437	-523.828125
67814.902605	0.488110	139.648437	-523.828125
67814.904605	0.486589	5.352478	1.621426
67815.908668	0.488625	268.457031	68.066406
67815.910670	0.487611	5.363724	1.620899
67816.993217	0.464319	147.851562	-505.273437
67816.995219	0.488293	147.851562	-505.273437
67816.997219	0.486647	5.353116	1.621207
67817.995760	0.369657	269.042969	62.695312
67817.997764	0.489827	269.042969	62.695312
67817.999765	0.488171	5.369883	1.621473
67819.083792	0.489383	139.648437	-526.074219
67819.085794	0.487399	5.361393	1.621082
67820.089803	0.463839	270.605469	59.765625
67820.091807	0.488910	270.605469	59.765625
67820.095804	0.486085	5.346939	1.539784
67821.173850	0.310138	139.453125	-525.683594
67821.175854	0.486560	139.453125	-525.683594
67821.177853	0.488276	5.371035	1.621166
67822.179881	0.490286	277.246094	61.035156
67822.181883	0.488409	5.372498	1.614646
67823.264412	0.475079	154.003906	-489.746094
67823.266412	0.488541	154.003906	-489.746094
67823.268413	0.486894	5.355836	1.621129
67824.268388	0.487266	267.675781	57.421875
67824.270392	0.488112	267.675781	57.421875
67824.272392	0.486647	5.353116	1.621423
67825.348411	0.410308	139.160156	-526.074219
67825.350411	0.489910	139.160156	-526.074219
67825.352413	0.487913	5.367038	1.620779
67826.360439	0.440494	273.632812	63.867187
67826.362442	0.489134	273.632812	63.867187
67826.364441	0.487264	5.359904	1.500817
67827.438478	0.484081	139.746094	-523.535156
67827.440481	0.489047	139.746094	-523.535156
67827.442479	0.487497	5.362465	1.621066
67828.450497	0.488613	268.164062	66.015625
67828.452499	0.488405	5.372453	1.613990
67829.523040	0.472585	145.898437	-505.761719
67829.525041	0.474624	145.898437	-505.761719
67829.529038	0.486103	5.347134	1.620962
67830.547028	0.471519	258.789062	64.453125
67830.549029	0.488346	258.789062	64.453125
67830.551033	0.486770	5.354472	1.381603
67831.607046	0.403975	145.800781	-502.929687
67831.609049	0.489536	145.800781	-502.929687
67831.611048	0.487542	5.362962	1.621195
67832.639054	0.382052	261.523437	66.210937
67832.641056	0.387103	261.523437	66.210937
67832.643056	0.487598	5.363573	1.484910
67833.693086	0.485544	152.343750	-482.812500
67833.697086	0.488642	152.343750	-482.812500
67833.699088	0.487406	5.361464	1.621203
67834.735637	0.298990	269.921875	64.257812
67834.737632	0.485836	269.921875	64.257812
67834.739632	0.488635	5.374988	1.538031
67835.776190	0.325912	128.027344	-541.308594
67835.778192	0.488402	128.027344	-541.308594
67835.780192	0.488726	5.375989	1.620692
67836.830185	0.466661	277.343750	55.761719
67836.832189	0.488354	277.343750	55.761719
67836.834189	0.486744	5.354179	1.620597
67837.864173	0.488692	118.164062	-559.082031
67837.866177	0.486974	118.164062	-559.082031
67837.868181	0.485942	5.345361	1.620896
67838.924204	0.489317	286.523437	47.656250
67838.926205	0.487779	5.365567	1.621246
67839.954261	0.347928	122.949219	-538.671875
67839.956261	0.488395	122.949219	-538.671875
67839.958262	0.487545	5.362997	1.620797
67841.010269	0.489820	298.242187	43.261719
67841.012269	0.488125	5.369378	1.620929
67842.052287	0.446883	128.320312	-525.683594
67842.056285	0.487657	128.320312	-525.683594
67842.058288	0.486438	5.350821	1.583104
67843.089221	0.481185	312.109375	42.578125
67843.091223	0.488312	312.109375	42.578125
67843.093222	0.486741	5.354152	1.621157
67844.145275	0.441190	137.792969	-509.277344
67844.147277	0.489220	137.792969	-509.277344
67844.149277	0.487365	5.361012	1.616395
67845.175269	0.490294	322.363281	45.703125
67845.177271	0.488280	5.371079	1.621176
67846.241331	0.305226	141.503906	-508.691406
67846.243333	0.312734	141.503906	-508.691406
67846.245334	0.488685	5.375537	1.621003
67847.257307	0.330190	305.664062	44.628906
67847.259309	0.488150	305.664062	44.628906
67847.261310	0.488064	5.368704	1.620805
67848.337356	0.490746	126.855469	-550.195312
67848.339359	0.488781	5.376592	1.621434
67849.343377	0.460938	304.687500	49.023437
67849.345378	0.488743	304.687500	49.023437
67849.347380	0.487019	5.357210	1.620752
67850.427393	0.292146	135.644531	-532.812500
67850.429394	0.485395	135.644531	-532.812500
67850.431395	0.488746	5.376202	1.620928
67851.433440	0.489817	289.453125	49.023437
67851.435441	0.488132	5.369449	1.620937
67852.521404	0.424359	135.058594	-537.597656
67852.523408	0.489144	135.058594	-537.597656
67852.527404	0.485884	5.344723	1.620830
67853.521425	0.469120	285.742187	52.148437
67853.523426	0.489045	285.742187	52.148437
67853.525424	0.487381	5.361189	1.620916
67854.609461	0.304333	136.328125	-534.375000
67854.611460	0.486303	136.328125	-534.375000
67854.613459	0.488673	5.375404	1.620914
67855.615467	0.489548	289.843750	56.542969
67855.617468	0.487778	5.365559	1.620689
67856.699982	0.471938	147.949219	-505.078125
67856.701984	0.488414	147.949219	-505.078125
67856.703983	0.486856	5.355420	1.621185
67857.702497	0.385588	287.402344	56.835937
67857.704499	0.489702	287.402344	56.835937
67857.706500	0.487800	5.365798	1.620688
67858.790489	0.491665	143.359375	-516.308594
67858.794489	0.488597	5.374571	1.621475
67859.796529	0.470820	284.472656	55.566406
67859.798532	0.489550	284.472656	55.566406
67859.800532	0.487808	5.365886	1.577578
67860.880553	0.322258	136.718750	-532.910156
67860.884553	0.489098	136.718750	-532.910156
67860.886554	0.487564	5.363201	1.621431
67861.884573	0.393218	287.597656	54.980469
67861.886576	0.490063	287.597656	54.980469
67861.888576	0.488075	5.368820	1.620689
67862.972565	0.489488	136.621094	-534.472656
67862.974567	0.487648	5.364122	1.620937
67863.978545	0.486642	289.160156	52.636719
67863.980548	0.485558	289.160156	52.636719
67863.982546	0.484626	5.330889	1.620819
67865.058608	0.341344	145.996094	-510.156250
67865.060611	0.489556	145.996094	-510.156250
67865.062610	0.488896	5.377859	1.621128
67866.065123	0.490379	297.851562	51.171875
67866.067126	0.490216	5.392375	1.621026
67867.147676	0.358474	136.914062	-531.542969
67867.149680	0.489140	136.914062	-531.542969
67867.151680	0.487820	5.366019	1.620768
67868.155701	0.409541	296.093750	45.410156
67868.157704	0.489675	296.093750	45.410156
67868.159702	0.487660	5.364255	1.620865
67869.233688	0.468407	128.320312	-550.781250
67869.235689	0.488700	128.320312	-550.781250
67869.237690	0.487029	5.357316	1.621164
67870.249692	0.477870	314.843750	45.312500
67870.251694	0.488631	314.843750	45.312500
67870.253695	0.487066	5.357724	1.621206
67871.318217	0.447206	149.414062	-496.777344
67871.322216	0.487345	149.414062	-496.777344
67871.324220	0.486224	5.348463	1.621150
67872.342216	0.447098	316.601562	41.601562
67872.344218	0.488829	316.601562	41.601562
67872.346218	0.487022	5.357245	1.621004
67873.404193	0.488792	142.675781	-506.640625
67873.406194	0.487942	5.367357	1.621194
67874.434164	0.315101	316.308594	39.257812
67874.436166	0.487697	316.308594	39.257812
67874.438166	0.488892	5.377815	1.621323
67875.490149	0.488727	112.890625	-571.679687
67875.492150	0.487011	112.890625	-571.679687
67875.496149	0.485053	5.335586	1.620969
67876.534157	0.489318	308.886719	38.769531
67876.536158	0.487361	5.360968	1.621292
67877.572184	0.382976	113.769531	-566.015625
67877.574188	0.490176	113.769531	-566.015625
67877.576185	0.488342	5.371762	1.620923
67878.628189	0.269405	304.492187	42.187500
67878.630192	0.480230	304.492187	42.187500
67878.632190	0.488445	304.492187	42.187500
67878.634189	0.486952	5.356474	1.621272
67879.658228	0.478552	131.933594	-522.558594
67879.660230	0.488457	131.933594	-522.558594
67879.662229	0.486815	5.354968	1.621297
67880.720776	0.488988	301.367187	49.707031
67880.722777	0.487265	5.359913	1.620642
67881.749295	0.264027	141.796875	-499.707031
67881.751296	0.479019	141.796875	-499.707031
67881.753296	0.488272	141.796875	-499.707031
67881.755297	0.486715	5.353860	1.621159
67882.803374	0.444868	285.546875	54.101562
67882.805376	0.489445	285.546875	54.101562
67882.807376	0.487598	5.363582	1.621334
67883.843398	0.411640	126.367187	-541.601562
67883.845396	0.489524	126.367187	-541.601562
67883.847398	0.487519	5.362713	1.620867
67884.887409	0.353305	278.515625	59.472656
67884.889411	0.489484	278.515625	59.472656
67884.891410	0.488356	5.371912	1.620727
67885.941416	0.476074	145.117187	-490.625000
67885.943418	0.489352	145.117187	-490.625000
67885.945419	0.487707	5.364779	1.621175
67886.974362	0.489178	268.066406	58.593750
67886.976364	0.487760	5.365355	1.618590
67888.034318	0.469004	152.832031	-470.996094
67888.036320	0.488792	152.832031	-470.996094
67888.040318	0.485998	5.345981	1.620880
67889.060364	1.144139	275.585937	63.281250
67889.062364	0.488746	5.376211	1.620422
67890.130901	0.487338	153.906250	-471.289062
67890.132901	0.486102	5.347125	1.620922
67891.148915	0.489824	277.832031	62.792969
67891.150915	0.487963	5.367588	1.591311
67892.219472	0.383722	154.785156	-472.167969
67892.221474	0.489991	154.785156	-472.167969
67892.223475	0.488107	5.369174	1.621055
67893.233477	0.490136	275.488281	59.667969
67893.237477	0.486858	275.488281	59.667969
67893.239478	0.485902	5.344927	1.620994
67894.313516	0.470266	153.515625	-477.441406
67894.315518	0.488399	153.515625	-477.441406
67894.319516	0.485648	5.342126	1.621015
67895.325508	0.480902	271.777344	56.835937
67895.327509	0.482279	271.777344	56.835937
67895.329509	0.486607	5.352682	1.620397
67896.401984	0.436297	133.398437	-530.859375
67896.403983	0.489165	133.398437	-530.859375
67896.405985	0.487344	5.360781	1.621157
67897.419961	0.489870	268.652344	55.468750
67897.421963	0.487994	5.367933	1.470620
67898.491957	0.488290	148.632812	-488.671875
67898.493960	0.489898	5.388875	1.620822
67899.506903	0.449337	274.902344	59.277344
67899.508905	0.489945	274.902344	59.277344
67899.512905	0.486921	5.356129	1.530644
67900.574958	0.334027	152.246094	-475.781250
67900.576960	0.487931	152.246094	-475.781250
67900.578959	0.487718	5.364902	1.620837
67901.599521	0.407770	276.269531	61.035156
67901.601523	0.489128	276.269531	61.035156
67901.603524	0.487161	5.358770	1.512508
67902.659556	0.290882	148.242187	-482.226562
67902.661553	0.485926	148.242187	-482.226562
67902.663553	0.490340	148.242187	-482.226562
67902.665555	0.488793	5.376725	1.620866
67903.693532	0.477688	268.652344	57.617187
67903.695534	0.488192	268.652344	57.617187
67903.697533	0.486678	5.353461	1.558771
67904.746001	0.468898	133.203125	-520.507812
67904.748004	0.488667	133.203125	-520.507812
67904.750003	0.487001	5.357006	1.621401
67905.784886	0.304547	276.660156	58.007812
67905.786887	0.486416	276.660156	58.007812
67905.788896	0.488630	5.374935	1.619262
67906.830883	0.470504	140.527344	-499.511719
67906.832886	0.489169	140.527344	-499.511719
67906.834885	0.487426	5.361685	1.620834
67907.884912	0.489270	289.160156	56.640625
67907.886914	0.487229	5.359523	1.561797
67908.915426	0.449335	131.933594	-524.121094
67908.917428	0.488943	131.933594	-524.121094
67908.919428	0.487103	5.358131	1.620938
67909.975434	0.357415	295.898437	49.414062
67909.977438	0.490261	295.898437	49.414062
67909.979436	0.488946	5.378408	1.620668
67911.005434	0.488781	128.125000	-533.300781
67911.007433	0.487971	5.367677	1.621047
67912.067471	0.492897	314.550781	46.289062
67912.069474	0.491266	5.403923	1.621385
67913.102041	0.477865	117.187500	-562.011719
67913.104044	0.489497	117.187500	-562.011719
67913.106044	0.487815	5.365966	1.620704
67914.152081	0.489696	327.148437	42.578125
67914.154083	0.487812	5.365931	1.620781
67915.194659	0.452592	115.820312	-568.750000
67915.196660	0.488879	115.820312	-568.750000
67915.198659	0.487133	5.358459	1.617686
67916.234661	0.421441	331.347656	39.355469
67916.236663	0.489601	331.347656	39.355469
67916.238662	0.487511	5.362616	1.621314
67917.286667	0.336999	136.621094	-522.460937
67917.288667	0.488972	136.621094	-522.460937
67917.290668	0.488591	5.374500	1.621164
67918.321586	0.430229	340.332031	40.039062
67918.323588	0.487713	340.332031	40.039062
67918.325589	0.486478	5.351263	1.621268
67919.384091	0.375092	122.460937	-562.304687
67919.386094	0.489762	122.460937	-562.304687
67919.388091	0.488034	5.368376	1.616606
67920.404093	0.387723	328.613281	38.769531
67920.406094	0.489870	328.613281	38.769531
67920.408095	0.488016	5.368173	1.621045
67921.478097	0.464676	127.539062	-554.199219
67921.480099	0.489980	127.539062	-554.199219
67921.482097	0.488255	5.370805	1.615957
67922.490113	0.478801	336.523437	42.968750
67922.492115	0.488144	336.523437	42.968750
67922.496113	0.485522	5.340744	1.621045
67923.570091	0.360585	126.464844	-559.472656
67923.572095	0.489819	126.464844	-559.472656
67923.574093	0.488415	5.372568	1.621232
67924.578121	0.410838	327.343750	43.457031
67924.580124	0.490008	327.343750	43.457031
67924.582123	0.487987	5.367862	1.621210
67925.658653	0.299871	137.597656	-532.031250
67925.660652	0.486268	137.597656	-532.031250
67925.662653	0.489178	5.380961	1.620927
67926.668640	0.489677	322.460937	44.140625
67926.670641	0.488404	5.372444	1.621309
67927.751205	0.221037	147.656250	-507.519531
67927.753208	0.466935	147.656250	-507.519531
67927.755206	0.488349	147.656250	-507.519531
67927.757208	0.486750	5.354250	1.621126
67928.763149	0.489485	306.054687	41.699219
67928.765149	0.489423	5.383655	1.620818
67929.841165	0.372561	126.757812	-561.328125
67929.843166	0.489756	126.757812	-561.328125
67929.845165	0.488129	5.369422	1.620913
67930.851140	0.489310	315.234375	43.750000
67930.853145	0.487278	5.360055	1.620922
67931.931140	0.468091	136.914062	-533.984375
67931.933145	0.488619	136.914062	-533.984375
67931.935144	0.486945	5.356395	1.621583
67932.939167	0.485467	322.656250	44.335937
67932.941169	0.489927	322.656250	44.335937
67932.943170	0.488348	5.371833	1.621156
67934.019687	0.439388	126.074219	-562.695312
67934.021688	0.490031	126.074219	-562.695312
67934.023688	0.488054	5.368589	1.621578
67935.030574	0.342599	325.390625	43.164062
67935.032573	0.489277	325.390625	43.164062
67935.034575	0.488604	5.374642	1.620858
67936.103485	3.086617	136.230469	-537.011719
67936.105487	0.486897	136.230469	-537.011719
67936.107490	0.488880	5.377682	1.620924
67937.121473	0.388248	332.617187	42.285156
67937.123475	0.488105	5.369156	1.621096
67938.194008	0.472872	132.031250	-545.605469
67938.196010	0.489257	132.031250	-545.605469
67938.198012	0.487548	5.363032	1.621036
67939.216027	0.488388	337.597656	39.843750
67939.218029	0.486835	5.355189	1.621108
67940.278032	0.405939	135.839844	-533.300781
67940.280034	0.489755	135.839844	-533.300781
67940.282034	0.487733	5.365062	1.620816
67941.308017	0.532364	339.550781	37.890625
67941.310018	0.487931	5.367242	1.621023
67942.366559	0.350403	125.390625	-555.273437
67942.368559	0.488560	125.390625	-555.273437
67942.370560	0.487579	5.363369	1.620801
67943.402572	0.309526	338.769531	36.718750
67943.404573	0.487092	338.769531	36.718750
67943.406574	0.488799	5.376787	1.620937
67944.453103	0.486008	137.304687	-520.410156
67944.455105	0.488472	5.373188	1.620956
67945.499112	0.488527	335.449219	37.500000
67945.501114	0.486903	5.355934	1.621087
67946.537661	0.476861	119.433594	-560.253906
67946.539663	0.488909	119.433594	-560.253906
67946.541663	0.487287	5.360152	1.621066
67947.589733	0.439146	328.222656	39.648437
67947.593732	0.487415	328.222656	39.648437
67947.595736	0.486289	5.349181	1.621160
67948.621750	0.423387	125.976562	-537.500000
67948.623756	0.489478	125.976562	-537.500000
67948.625762	0.487493	5.362421	1.621213
67949.681735	0.307937	317.480469	43.359375
67949.683737	0.486287	317.480469	43.359375
67949.687738	0.486773	5.354498	1.621081
67950.709749	0.292286	142.871094	-490.039062
67950.711751	0.485368	142.871094	-490.039062
67950.713752	0.488620	142.871094	-490.039062
67950.715753	0.487085	5.357937	1.621321
67951.771728	0.438110	302.441406	46.777344
67951.775727	0.487402	302.441406	46.777344
67951.777729	0.486223	5.348454	1.620411
67952.811764	0.487793	133.496094	-510.742187
67952.813766	0.486508	5.351592	1.620830
67953.858304	0.489864	289.257812	49.609375
67953.860308	0.487867	5.366542	1.620755
67954.902317	0.488823	130.273437	-514.648437
67954.904318	0.487722	130.273437	-514.648437
67954.906317	0.486354	5.349890	1.621094
67955.942342	0.485011	297.363281	58.789062
67955.944344	0.488278	297.363281	58.789062
67955.946344	0.486746	5.354206	1.621086
67956.994383	0.456882	148.632812	-460.839844
67956.996384	0.489386	148.632812	-460.839844
67956.998383	0.487563	5.363192	1.621164
67958.026346	0.439632	285.839844	56.152344
67958.028349	0.489166	285.839844	56.152344
67958.030352	0.487216	5.359372	1.620780
67959.086383	0.343929	134.570312	-499.804687
67959.088386	0.489259	134.570312	-499.804687
67959.092382	0.487059	5.357645	1.621270
67960.110402	0.347228	287.207031	57.324219
67960.112405	0.489087	287.207031	57.324219
67960.114405	0.488224	5.370459	1.620718
67961.182384	0.489562	126.953125	-522.753906
67961.184385	0.487816	5.365975	1.621135
67962.200377	0.456372	285.253906	56.152344
67962.202377	0.489380	285.253906	56.152344
67962.204377	0.487642	5.364060	1.620776
67963.270361	0.488286	145.996094	-470.605469
67963.272363	0.487770	5.365469	1.621042
67964.288382	0.355143	287.500000	56.542969
67964.290384	0.489698	287.500000	56.542969
67964.292384	0.488536	5.373898	1.620994
67965.364432	0.488829	129.687500	-516.113281
67965.366433	0.487089	129.687500	-516.113281
67965.368434	0.485971	5.345680	1.620776
67966.384451	0.551682	295.312500	60.058594
67966.386460	0.487661	5.364274	1.589388
67967.447423	0.461107	154.687500	-445.117187
67967.449422	0.489350	154.687500	-445.117187
67967.451424	0.487616	5.363777	1.621227
67968.475942	0.480492	279.589844	53.027344
67968.477943	0.488454	279.589844	53.027344
67968.479946	0.486901	5.355907	1.564699
67969.532394	0.466643	157.812500	-433.593750
67969.534394	0.488874	157.812500	-433.593750
67969.536395	0.487228	5.359506	1.621047
67970.568411	0.449133	283.691406	54.199219
67970.570415	0.489751	283.691406	54.199219
67970.572414	0.487924	5.367163	1.457992
67971.620414	0.381630	136.230469	-489.550781
67971.622415	0.490004	136.230469	-489.550781
67971.624415	0.488198	5.370175	1.621258
67972.660389	0.322867	286.132812	53.027344
67972.662393	0.487664	286.132812	53.027344
67972.664390	0.488175	5.369927	1.522736
67973.706370	0.473689	137.890625	-485.058594
67973.710369	0.488443	137.890625	-485.058594
67973.712371	0.485771	5.343482	1.621210
67974.756428	0.489537	296.191406	53.417969
67974.758430	0.487664	5.364309	1.550540
67975.791011	0.462436	128.906250	-512.207031
67975.793012	0.488651	128.906250	-512.207031
67975.795014	0.486992	5.356909	1.620937
67976.849430	0.490056	308.593750	51.660156
67976.851433	0.488130	5.369431	1.614348
67977.879447	0.419931	127.636719	-520.507812
67977.881447	0.489920	127.636719	-520.507812
67977.883447	0.487869	5.366560	1.621579
67978.939445	0.303880	310.351562	44.140625
67978.941446	0.486170	310.351562	44.140625
67978.943444	0.488386	5.372249	1.621069
67979.967479	0.294720	137.597656	-500.097656
67979.969475	0.485153	137.597656	-500.097656
67979.971477	0.488683	137.597656	-500.097656
67979.973475	0.487171	5.358876	1.621417
67981.030400	0.486171	327.832031	41.210937
67981.032404	0.488469	5.373162	1.620858
67982.060904	0.352240	113.964844	-569.335937
67982.062906	0.490121	113.964844	-569.335937
67982.064907	0.489131	5.380438	1.621180
67983.112896	0.247146	342.773437	38.769531
67983.114899	0.475239	342.773437	38.769531
67983.116900	0.488879	342.773437	38.769531
67983.118898	0.487218	5.359399	1.621417
67984.155798	0.488424	126.562500	-541.601562
67984.157800	0.488571	5.374279	1.621097
67985.200353	0.489071	348.339844	35.839844
67985.202357	0.488502	5.373526	1.620928
67986.250901	0.320575	131.445312	-535.058594
67986.254901	0.488736	131.445312	-535.058594
67986.256905	0.487246	5.359709	1.621168
67987.284944	0.485187	356.347656	35.839844
67987.286946	0.488282	356.347656	35.839844
67987.288948	0.486788	5.354666	1.621205
67988.343880	0.305934	122.167969	-564.746094
67988.345883	0.486265	122.167969	-564.746094
67988.347883	0.488275	5.371026	1.620654
67989.373956	0.486147	351.367187	34.765625
67989.375958	0.488284	5.371124	1.621041
67990.439972	0.490000	131.347656	-544.628906
67990.441975	0.488056	5.368616	1.620851
67991.456508	0.256890	344.335937	34.472656
67991.460510	0.488498	344.335937	34.472656
67991.462509	0.486889	344.335937	34.472656
67991.464510	0.485821	5.344032	1.621428
67992.532563	0.490240	124.609375	-564.453125
67992.534566	0.488319	124.609375	-564.453125
67992.536567	0.486980	5.356784	1.620155
67993.546562	0.411839	334.960937	34.082031
67993.548565	0.489740	334.960937	34.082031
67993.550564	0.487781	5.365594	1.621033
67994.620548	0.474285	121.875000	-572.656250
67994.622550	0.488524	121.875000	-572.656250
67994.624550	0.486899	5.355889	1.621422
67995.636986	0.488962	329.785156	34.179687
67995.638989	0.488245	5.370689	1.620962
67996.712986	0.433604	120.312500	-576.855469
67996.714988	0.489048	120.312500	-576.855469
67996.716990	0.487175	5.358920	1.621083
67997.731471	0.488845	334.863281	35.839844
67997.733475	0.487209	5.359302	1.620828
67998.801524	0.387993	132.226562	-544.531250
67998.803527	0.489983	132.226562	-544.531250
67998.805525	0.488003	5.368031	1.620756
67999.817519	0.410546	344.433594	37.011719
67999.819521	0.489967	344.433594	37.011719
67999.821522	0.487929	5.367216	1.621096
68000.891516	0.474669	127.050781	-558.105469
68000.893515	0.489154	127.050781	-558.105469
68000.895516	0.487497	5.362465	1.620926
68001.905532	0.277289	331.835937	33.593750
68001.907533	0.482511	331.835937	33.593750
68001.909534	0.489112	331.835937	33.593750
68001.911533	0.487552	5.363068	1.620999
68002.979504	0.395600	122.851562	-569.042969
68002.981506	0.489635	122.851562	-569.042969
68002.983503	0.487631	5.363945	1.621224
68003.999520	0.408203	333.593750	32.617187
68004.001523	0.489314	333.593750	32.617187
68004.003523	0.487350	5.360852	1.621217
68005.063572	2.786337	125.000000	-562.890625
68005.065572	0.482797	125.000000	-562.890625
68005.067572	0.488662	125.000000	-562.890625
68005.069572	0.487031	5.357343	1.621280
68006.087563	0.276217	341.406250	32.617187
68006.089565	0.482097	341.406250	32.617187
68006.091565	0.488927	341.406250	32.617187
68006.093566	0.487374	5.361118	1.620729
68007.149565	0.429719	137.402344	-527.636719
68007.151568	0.489521	137.402344	-527.636719
68007.155565	0.486292	5.349207	1.621139
68008.183569	0.489941	336.523437	30.957031
68008.185572	0.487887	5.366755	1.621242
68009.239530	0.485347	116.699219	-579.003906
68009.241532	0.488237	5.370610	1.620834
68010.281499	0.489136	334.277344	30.273437
68010.283501	0.487507	5.362580	1.620806
68011.323491	2.519933	116.113281	-575.585937
68011.325493	0.489148	116.113281	-575.585937
68011.327491	0.487290	5.360188	1.620829
68012.372407	0.463461	347.265625	33.007812
68012.374408	0.488592	347.265625	33.007812
68012.376407	0.486918	5.356093	1.620727
68013.413009	0.487945	112.792969	-577.441406
68013.415011	0.486893	5.355827	1.621045
68014.467494	0.489472	329.199219	33.007812
68014.469498	0.487709	5.364796	1.620937
68015.499492	0.489453	129.492187	-524.804687
68015.501494	0.487676	5.364433	1.620736
68016.560024	0.489734	333.886719	38.671875
68016.562027	0.487807	5.365877	1.620800
68017.588541	0.489439	134.277344	-503.906250
68017.590542	0.487683	5.364512	1.621059
68018.647072	0.432549	314.746094	40.234375
68018.649074	0.489408	314.746094	40.234375
68018.653072	0.486242	5.348667	1.620867
68019.679086	0.415296	114.746094	-550.976562
68019.681088	0.489911	114.746094	-550.976562
68019.683090	0.487900	5.366897	1.621249
68020.731113	0.333491	316.015625	46.875000
68020.733116	0.488621	316.015625	46.875000
68020.735115	0.488365	5.372010	1.621454
68021.775121	0.488831	123.339844	-517.578125
68021.777121	0.487194	5.359133	1.621153
68022.817163	0.460995	315.136719	52.636719
68022.819166	0.488545	315.136719	52.636719
68022.821166	0.486787	5.354658	1.621035
68023.865678	0.457198	141.796875	-459.863281
68023.867680	0.489464	141.796875	-459.863281
68023.869680	0.487666	5.364326	1.621204
68024.904600	0.280419	302.539062	51.660156
68024.906600	0.482809	302.539062	51.660156
68024.908601	0.488691	302.539062	51.660156
68024.910600	0.487164	5.358805	1.620886
68025.958623	0.448608	143.847656	-450.781250
68025.960624	0.489173	143.847656	-450.781250
68025.962623	0.487350	5.360852	1.621166
68026.990611	0.433114	300.976562	52.734375
68026.992613	0.490032	300.976562	52.734375
68026.994613	0.488125	5.369378	1.620910
68028.046631	0.340326	130.468750	-486.132812
68028.048633	0.489134	130.468750	-486.132812
68028.050636	0.488532	5.373853	1.621226
68029.081528	0.489620	302.441406	54.296875
68029.083527	0.487652	5.364167	1.621025
68030.140078	0.394607	135.351562	-471.289062
68030.142078	0.490191	135.351562	-471.289062
68030.144080	0.488220	5.370415	1.621455
68031.170118	0.490646	293.066406	50.683594
68031.172123	0.488711	5.375821	1.621361
68032.232143	0.489009	151.464844	-427.148437
68032.234145	0.487408	151.464844	-427.148437
68032.236144	0.486299	5.349287	1.621119
68033.266153	0.489367	290.039062	49.316406
68033.270154	0.487215	5.359364	1.534371
68034.318226	0.418920	150.585937	-427.929687
68034.320228	0.422927	150.585937	-427.929687
68034.322228	0.487406	5.361464	1.620825
68035.355136	0.468493	296.875000	51.171875
68035.357138	0.489542	296.875000	51.171875
68035.361137	0.486598	5.352575	1.441754
68036.403136	0.424057	151.074219	-424.414062
68036.405139	0.489410	151.074219	-424.414062
68036.407139	0.487447	5.361916	1.621286
68037.445682	0.489513	303.515625	52.832031
68037.447683	0.487614	5.363750	1.590426
68038.492235	0.438172	150.781250	-426.171875
68038.494238	0.489302	150.781250	-426.171875
68038.496238	0.487410	5.361508	1.620863
68039.537171	0.469411	306.542969	51.171875
68039.539172	0.488759	306.542969	51.171875
68039.541173	0.487140	5.358540	1.563546
68040.575720	0.250590	142.285156	-450.781250
68040.579720	0.489360	142.285156	-450.781250
68040.581722	0.487700	142.285156	-450.781250
68040.583721	0.486580	5.352380	1.620872
68041.631743	0.489222	314.257812	49.902344
68041.633744	0.487254	314.257812	49.902344
68041.635745	0.486142	5.347559	1.621024
68042.666688	0.476189	128.222656	-495.410156
68042.668692	0.488610	128.222656	-495.410156
68042.670690	0.487034	5.357378	1.621176
68043.722725	0.426822	323.632812	47.265625
68043.724725	0.489184	323.632812	47.265625
68043.726726	0.487262	5.359886	1.615277
68044.758734	0.487735	122.265625	-520.703125
68044.760736	0.486507	122.265625	-520.703125
68044.762735	0.485572	5.341293	1.620924
68045.814742	0.289225	319.628906	39.453125
68045.816742	0.485102	319.628906	39.453125
68045.818741	0.489746	319.628906	39.453125
68045.820743	0.488168	5.369848	1.620870
68046.842770	0.277496	124.707031	-521.386719
68046.844772	0.482072	124.707031	-521.386719
68046.846772	0.488613	124.707031	-521.386719
68046.848772	0.487109	5.358202	1.621168
68047.906795	0.489717	335.742187	37.207031
68047.908795	0.487736	5.365098	1.620888
68048.936779	0.411562	132.519531	-509.277344
68048.938782	0.489307	132.519531	-509.277344
68048.940784	0.487342	5.360764	1.621169
68049.990753	0.488039	339.062500	32.617187
68049.992753	0.488960	339.062500	32.617187
68049.994755	0.487430	5.361730	1.621180
68051.030776	0.479468	113.574219	-569.921875
68051.032780	0.489293	113.574219	-569.921875
68051.034778	0.489228	5.381510	1.620773
68052.074788	0.453910	353.125000	31.738281
68052.076790	0.488815	353.125000	31.738281
68052.078790	0.486984	5.356820	1.621261
68053.122771	0.398299	123.437500	-550.390625
68053.124774	0.489809	123.437500	-550.390625
68053.126772	0.487802	5.365824	1.620799
68054.160813	0.489355	366.503906	32.031250
68054.162817	0.487858	5.366436	1.621526
68055.215386	0.340547	120.996094	-562.988281
68055.217389	0.488323	120.996094	-562.988281
68055.219388	0.487660	5.364264	1.620932
68056.249400	0.487045	367.578125	31.738281
68056.251401	0.488567	5.374234	1.621219
68057.311383	0.490091	131.445312	-539.062500
68057.313384	0.488283	5.371115	1.620683
68058.333921	0.478606	370.507812	32.324219
68058.335923	0.480601	370.507812	32.324219
68058.337924	0.487415	5.361561	1.621581
68059.401908	0.395919	116.601562	-581.835937
68059.403910	0.490313	116.601562	-581.835937
68059.405909	0.488442	5.372861	1.620950
68060.421951	0.410277	350.878906	29.980469
68060.423953	0.416245	350.878906	29.980469
68060.425952	0.487962	5.367579	1.621071
68061.490407	0.333174	128.808594	-549.121094
68061.492407	0.487867	128.808594	-549.121094
68061.494409	0.487623	5.363857	1.620892
68062.510420	0.348967	355.957031	31.347656
68062.512422	0.488668	355.957031	31.347656
68062.514420	0.487693	5.364619	1.620841
68063.584460	0.447280	135.351562	-531.542969
68063.586463	0.489554	135.351562	-531.542969
68063.588461	0.487627	5.363892	1.620765
68064.602967	0.269104	355.468750	31.250000
68064.604967	0.480339	355.468750	31.250000
68064.606968	0.488626	355.468750	31.250000
68064.608967	0.487070	5.357768	1.620823
68065.672981	0.406468	129.101562	-547.753906
68065.674982	0.489282	129.101562	-547.753906
68065.676982	0.487294	5.360232	1.621081
68066.692949	0.413435	355.566406	31.152344
68066.694951	0.489491	355.566406	31.152344
68066.696951	0.487448	5.361925	1.621156
68067.762983	0.480837	130.761719	-544.335937
68067.764984	0.488893	130.761719	-544.335937
68067.766987	0.487268	5.359948	1.621419
68068.788994	0.488207	359.570312	31.250000
68068.790995	0.486696	359.570312	31.250000
68068.794992	0.484783	5.332608	1.620854
68069.849532	0.489853	142.578125	-511.425781
68069.851533	0.488104	5.369147	1.621307
68070.875559	0.463207	362.890625	30.957031
68070.877561	0.488862	362.890625	30.957031
68070.879561	0.487105	5.358159	1.621083
68071.936058	0.436014	124.414062	-558.203125
68071.938061	0.489210	124.414062	-558.203125
68071.940060	0.487328	5.360604	1.621116
68072.970107	0.490453	367.871094	31.152344
68072.972108	0.488477	5.373251	1.621383
68074.022085	0.488804	118.554687	-570.410156
68074.024087	0.488613	5.374748	1.621313
68075.062079	0.482245	349.902344	28.320312
68075.064083	0.489339	349.902344	28.320312
68075.066081	0.487643	5.364069	1.621306
68076.110958	0.487465	134.179687	-522.363281
68076.112960	0.488124	5.369360	1.621218
68077.153504	0.332211	359.960937	30.468750
68077.155504	0.488477	359.960937	30.468750
68077.157504	0.488318	5.371496	1.621281
68078.195524	0.481604	114.550781	-568.164062
68078.197527	0.488510	114.550781	-568.164062
68078.201524	0.485852	5.344378	1.620762
68079.249524	0.489959	341.601562	29.980469
68079.251527	0.488092	5.369015	1.621308
68080.285514	0.490177	111.523437	-567.382812
68080.287514	0.488168	5.369848	1.621285
68081.341522	0.487840	346.679687	34.667969
68081.345523	0.487292	346.679687	34.667969
68081.347525	0.487237	5.359612	1.621113
68082.369577	0.487163	135.156250	-491.113281
68082.371580	0.488715	5.375865	1.620817
68083.430106	0.478558	342.578125	39.062500
68083.432110	0.489148	342.578125	39.062500
68083.434110	0.487494	5.362439	1.620821
68084.463031	0.489734	116.113281	-533.496094
68084.465034	0.488090	5.368988	1.621030
68085.521003	0.490260	320.117187	39.160156
68085.523005	0.488584	5.374429	1.620966
68086.556998	0.490732	130.468750	-481.250000
68086.559001	0.488954	5.378489	1.621036
68087.607542	0.487577	329.980469	47.070312
68087.609544	0.486429	5.350723	1.621068
68088.647581	0.420911	127.441406	-480.468750
68088.649583	0.489103	127.441406	-480.468750
68088.651583	0.487166	5.358823	1.621175
68089.693599	0.489779	319.531250	48.046875
68089.695600	0.488239	5.370627	1.620836
68090.742124	0.489102	134.082031	-454.394531
68090.744126	0.487742	5.365160	1.620864
68091.776667	0.393278	314.843750	49.023437
68091.778669	0.489787	314.843750	49.023437
68091.780670	0.487714	5.364849	1.621417
68092.830678	0.485561	148.046875	-412.695312
68092.832681	0.488631	148.046875	-412.695312
68092.834683	0.487060	5.357662	1.621161
68093.864678	0.254306	309.082031	48.535156
68093.866680	0.263774	309.082031	48.535156
68093.868682	0.488956	309.082031	48.535156
68093.870680	0.487353	5.360879	1.621066
68094.924718	0.490046	134.960937	-445.996094
68094.926720	0.488043	5.368474	1.621508
68095.954724	0.407258	319.335937	53.027344
68095.956726	0.489870	319.335937	53.027344
68095.958727	0.487785	5.365638	1.620843
68097.011684	0.427678	135.449219	-443.359375
68097.013687	0.489824	135.449219	-443.359375
68097.015685	0.487784	5.365629	1.620845
68098.049669	0.490381	302.929687	47.167969
68098.053670	0.487066	5.357724	1.611132
68099.100157	0.370347	143.847656	-420.019531
68099.102159	0.490340	143.847656	-420.019531
68099.104161	0.488784	5.376627	1.621045
68100.140726	0.395349	312.011719	49.511719
68100.142730	0.490550	312.011719	49.511719
68100.144728	0.488603	5.374633	1.510125
68101.184755	0.333679	139.746094	-430.566406
68101.186755	0.488804	139.746094	-430.566406
68101.188755	0.488550	5.374048	1.621257
68102.230746	0.477523	317.968750	50.000000
68102.232748	0.488477	317.968750	50.000000
68102.234748	0.486916	5.356076	1.620576
68103.273265	0.262323	140.234375	-431.054687
68103.275267	0.480391	140.234375	-431.054687
68103.277268	0.490948	140.234375	-431.054687
68103.279267	0.489311	5.382423	1.621040
68104.323287	2.434029	317.773437	47.265625
68104.325288	0.489180	317.773437	47.265625
68104.327289	0.487299	5.360294	1.591196
68105.363286	0.412535	135.253906	-449.414062
68105.365288	0.489322	135.253906	-449.414062
68105.369288	0.486011	5.346123	1.620866
68106.417302	0.487959	323.730469	45.312500
68106.419301	0.488257	323.730469	45.312500
68106.421305	0.486773	5.354498	1.616861
68107.449308	0.485811	140.527344	-443.457031
68107.451310	0.488822	5.377044	1.620877
68108.507893	0.253112	329.101562	41.894531
68108.509895	0.476371	329.101562	41.894531
68108.511894	0.488537	329.101562	41.894531
68108.513894	0.486896	5.355854	1.619498
68109.541879	0.487541	120.898437	-508.398437
68109.543882	0.486444	5.350883	1.621070
68110.597863	0.400006	343.359375	39.941406
68110.599865	0.490164	343.359375	39.941406
68110.601865	0.488094	5.369032	1.621405
68111.630456	0.441042	119.726562	-524.707031
68111.632459	0.489153	119.726562	-524.707031
68111.634459	0.487279	5.360073	1.620928
68112.688472	0.490077	339.843750	34.277344
68112.690475	0.488881	5.377691	1.620837
68113.722464	0.312560	128.906250	-509.277344
68113.724466	0.487350	128.906250	-509.277344
68113.726467	0.488844	5.377283	1.620854
68114.771432	0.367841	352.246094	31.933594
68114.773433	0.489505	352.246094	31.933594
68114.775432	0.488001	5.368013	1.621289
68115.811870	2.449011	119.238281	-546.191406
68115.813872	0.490408	119.238281	-546.191406
68115.815872	0.488669	5.375360	1.620874
68116.861900	0.485640	367.382812	30.664062
68116.863903	0.488929	5.378214	1.621582
68117.904451	0.306977	129.101562	-526.953125
68117.906450	0.486420	129.101562	-526.953125
68117.908450	0.488346	5.371806	1.620842
68118.944968	0.327639	370.703125	28.808594
68118.946970	0.487712	370.703125	28.808594
68118.948969	0.487894	5.366834	1.620770
68119.999003	0.468843	113.769531	-576.855469
68120.001005	0.488501	113.769531	-576.855469
68120.003004	0.486841	5.355251	1.620897
68121.035900	0.487962	359.179687	26.757812
68121.037902	0.488382	5.372205	1.620875
68122.091871	0.910338	129.687500	-534.863281
68122.093878	0.463032	129.687500	-534.863281
68122.095875	0.487088	5.357972	1.621181
68123.120415	0.480229	379.882812	29.003906
68123.122416	0.488476	379.882812	29.003906
68123.124417	0.486881	5.355686	1.620790
68124.183346	0.265739	130.761719	-535.449219
68124.185350	0.479131	130.761719	-535.449219
68124.187353	0.488064	130.761719	-535.449219
68124.189349	0.486588	5.352468	1.620903
68125.207863	0.345364	374.707031	28.417969
68125.209863	0.489370	374.707031	28.417969
68125.211864	0.488526	5.373783	1.621113
68126.273895	0.459170	124.707031	-551.855469
68126.275898	0.489502	124.707031	-551.855469
68126.277897	0.487694	5.364636	1.621207
68127.299897	0.490155	374.023437	28.613281
68127.301899	0.488319	5.371505	1.621183
68128.366416	0.413300	135.742187	-522.167969
68128.368415	0.489433	135.742187	-522.167969
68128.370415	0.487453	5.361987	1.620701
68129.390397	0.409849	372.558594	28.320312
68129.392398	0.489649	372.558594	28.320312
68129.396396	0.486271	5.348986	1.621368
68130.454390	0.274438	126.855469	-545.605469
68130.456391	0.481347	126.855469	-545.605469
68130.458392	0.488482	126.855469	-545.605469
68130.460392	0.486921	5.356129	1.621073
68131.484377	0.477254	373.828125	28.320312
68131.486380	0.488439	373.828125	28.320312
68131.488378	0.486904	5.355943	1.620765
68132.540378	0.426167	128.125000	-540.429687
68132.542382	0.489283	128.125000	-540.429687
68132.544382	0.487330	5.360631	1.620910
68133.574397	0.489787	357.812500	25.878906
68133.578397	0.486437	5.350811	1.621369
68134.628837	0.368474	131.347656	-530.957031
68134.630840	0.489995	131.347656	-530.957031
68134.632839	0.488352	5.371877	1.621156
68135.666847	0.488601	377.832031	27.929687
68135.668850	0.488821	5.377035	1.620941
68136.716847	0.489935	117.480469	-565.527344
68136.718850	0.488277	5.371044	1.621260
68137.758872	0.443006	364.843750	26.953125
68137.760873	0.489553	364.843750	26.953125
68137.762873	0.487637	5.364007	1.621434
68138.802902	0.399477	119.433594	-555.566406
68138.804905	0.490610	119.433594	-555.566406
68138.806910	0.488646	5.375103	1.621418
68139.850882	0.317344	368.652344	27.734375
68139.852884	0.487318	368.652344	27.734375
68139.854882	0.488292	5.371212	1.621326
68140.886915	0.277874	142.578125	-483.203125
68140.888916	0.481852	142.578125	-483.203125
68140.892916	0.486744	142.578125	-483.203125
68140.894917	0.485715	5.342862	1.621041
68141.944901	0.437002	361.621094	29.003906
68141.946901	0.489177	361.621094	29.003906
68141.948902	0.487298	5.360277	1.621113
68142.976892	0.417973	118.261719	-538.867187
68142.978894	0.489881	118.261719	-538.867187
68142.982892	0.486652	5.353169	1.621031
68144.032938	2.641117	354.003906	30.664062
68144.034939	0.488104	354.003906	30.664062
68144.036947	0.488583	5.374412	1.621342
68145.064967	0.299469	115.820312	-534.082031
68145.068968	0.489453	115.820312	-534.082031
68145.070970	0.487929	5.367216	1.620697
68146.126972	0.441506	345.019531	32.910156
68146.128976	0.489405	345.019531	32.910156
68146.130975	0.487494	5.362430	1.620968
68147.158987	0.425490	129.296875	-482.128906
68147.160989	0.489467	129.296875	-482.128906
68147.162988	0.487453	5.361978	1.621260
68148.215875	0.436572	336.621094	35.937500
68148.217879	0.489159	336.621094	35.937500
68148.219879	0.489048	5.379525	1.621215
68149.247893	0.419991	134.570312	-454.492187
68149.249893	0.489132	134.570312	-454.492187
68149.251895	0.487152	5.358672	1.620812
68150.300836	0.443804	329.003906	38.769531
68150.302839	0.488729	329.003906	38.769531
68150.304838	0.486968	5.356643	1.621040
68151.342821	0.490640	136.425781	-437.597656
68151.344823	0.488696	5.375652	1.620848
68152.388823	2.783675	327.343750	41.796875
68152.390824	0.488460	327.343750	41.796875
68152.392824	0.488459	5.373047	1.621219
68153.430852	0.482510	129.199219	-448.242187
68153.432851	0.489621	129.199219	-448.242187
68153.434852	0.487992	5.367916	1.620824
68154.474867	0.460148	325.976562	44.140625
68154.476868	0.463080	325.976562	44.140625
68154.478868	0.487711	5.364823	1.621096
68155.522839	0.406781	137.402344	-418.261719
68155.524840	0.489513	137.402344	-418.261719
68155.526842	0.487494	5.362439	1.620984
68156.563381	0.423544	319.824219	44.042969
68156.565382	0.489588	319.824219	44.042969
68156.567382	0.487524	5.362767	1.620847
68157.615354	0.335301	137.011719	-416.406250
68157.617356	0.488880	137.011719	-416.406250
68157.619361	0.488647	5.375121	1.621323
68158.653896	0.490040	323.730469	46.386719
68158.659897	0.486030	5.346327	1.620846
68159.705915	0.481352	144.824219	-394.238281
68159.707916	0.488811	144.824219	-394.238281
68159.709918	0.487166	5.358823	1.621459
68160.745906	0.463069	328.417969	47.949219
68160.747908	0.488597	328.417969	47.949219
68160.749906	0.486937	5.356306	1.620721
68161.796438	0.489379	142.968750	-397.558594
68161.798440	0.487592	5.363511	1.621131
68162.838447	0.422230	329.296875	47.167969
68162.842446	0.487392	329.296875	47.167969
68162.844448	0.486197	5.348171	1.537813
68163.884445	0.489669	135.937500	-417.285156
68163.886448	0.488230	5.370530	1.620786
68164.928995	0.489799	330.468750	46.289062
68164.934994	0.485787	5.343660	1.620108
68165.967528	0.392901	130.664062	-433.984375
68165.969530	0.490426	130.664062	-433.984375
68165.971529	0.488496	5.373455	1.620957
68167.021585	0.486332	320.800781	40.722656
68167.023588	0.488587	5.374456	1.617994
68168.059600	0.489754	137.011719	-422.656250
68168.061600	0.488117	5.369289	1.621019
68169.114157	0.470110	332.031250	40.820312
68169.116161	0.488872	332.031250	40.820312
68169.118163	0.487279	5.360064	1.557200
68170.142200	0.466704	135.839844	-433.984375
68170.144203	0.488750	135.839844	-433.984375
68170.146204	0.487016	5.357174	1.621192
68171.202215	0.393105	334.277344	36.914062
68171.204218	0.490159	334.277344	36.914062
68171.206217	0.488129	5.369422	1.620941
68172.236240	0.528823	129.687500	-465.332031
68172.238243	0.487892	5.366817	1.621147
68173.294797	0.327712	347.460937	34.960937
68173.296797	0.334056	347.460937	34.960937
68173.298798	0.488647	5.375121	1.620833
68174.322856	2.639566	120.703125	-501.074219
68174.324856	0.487977	120.703125	-501.074219
68174.326856	0.488591	5.374500	1.621074
68175.380863	0.460175	355.859375	31.738281
68175.382865	0.488580	355.859375	31.738281
68175.384865	0.486972	5.356696	1.621402
68176.416858	0.438135	109.570312	-545.507812
68176.420857	0.487324	109.570312	-545.507812
68176.422859	0.486102	5.347125	1.621420
68177.468888	0.367120	377.050781	31.640625
68177.470889	0.490429	377.050781	31.640625
68177.472889	0.488888	5.377770	1.621458
68178.504883	0.324613	126.464844	-508.691406
68178.506885	0.488107	126.464844	-508.691406
68178.508886	0.488524	5.373765	1.620936
68179.552930	0.242220	379.199219	28.808594
68179.554931	0.473972	379.199219	28.808594
68179.556931	0.488963	379.199219	28.808594
68179.558931	0.487310	5.360409	1.620786
